~o <StreamInfo> 1 25
<VecSize> 25
<nulld>
<mfcc_D_N_Z_0>
<diagc>
~s "silst"
<Mean> 25
 -9.111759e+00 -4.159869e+00 -3.679200e+00 2.290373e-01 3.377407e+00 5.747956e-01 2.946763e+00 2.935048e+00 1.514806e+00 2.832535e-01 1.840329e+00 1.421869e+00 -9.880474e-03 -1.683107e-02 2.412563e-02 -3.461720e-03 -3.119552e-02 5.860252e-02 9.817564e-03 -4.952687e-02 -2.972399e-02 -2.067233e-02 -2.178854e-02 -1.835432e-03 -2.793652e-02
<Variance> 25
 1.165226e+01 2.401472e+01 1.323053e+01 1.497973e+01 2.188715e+01 2.474931e+01 2.105503e+01 2.039556e+01 2.776641e+01 1.979379e+01 2.958170e+01 1.989340e+01 2.992297e-01 4.255866e-01 5.824649e-01 7.963724e-01 1.052195e+00 1.254200e+00 1.358667e+00 1.492333e+00 1.573890e+00 1.513463e+00 1.398888e+00 1.285682e+00 2.752050e-01
<GConst> 8.023411e+01
~h "a"
<BeginHMM>
<NumStates> 5
<State> 2
<Mean> 25
 5.725408e+00 -9.461476e+00 -7.989548e+00 -3.458288e+00 -2.786083e-01 7.900175e-01 2.628369e+00 3.417665e+00 3.222336e+00 -3.921396e+00 -5.411831e+00 -2.389513e+00 1.642335e-03 -9.264903e-01 -8.220566e-01 4.561111e-03 5.279174e-01 3.807978e-01 3.021530e-01 5.746033e-02 -3.522357e-02 -8.053072e-01 -5.185489e-01 -2.166406e-01 4.646435e-01
<Variance> 25
 1.002245e+01 2.063957e+01 2.657671e+01 3.577292e+01 4.772984e+01 4.909857e+01 4.619841e+01 4.370416e+01 6.002284e+01 5.666891e+01 3.904227e+01 4.043939e+01 8.361577e-01 1.643521e+00 1.975164e+00 2.257214e+00 3.206838e+00 2.975085e+00 3.087339e+00 3.199058e+00 3.013899e+00 3.069686e+00 2.543698e+00 2.478631e+00 8.086620e-01
<GConst> 9.921453e+01
<State> 3
<Mean> 25
 6.054035e+00 -9.032549e+00 -8.135511e+00 -2.831728e+00 -5.463172e-01 7.353699e-01 1.835836e+00 3.206368e+00 2.933288e+00 -4.567242e+00 -5.270466e+00 -2.714199e+00 2.666239e-01 1.317852e+00 8.657941e-01 4.374648e-01 -4.020113e-01 -7.396201e-01 -6.483787e-01 -1.289079e-01 -2.802093e-02 5.961156e-01 3.756410e-01 4.484758e-02 -1.095531e+00
<Variance> 25
 9.657457e+00 1.983442e+01 2.757178e+01 4.029505e+01 4.302328e+01 5.002858e+01 4.897132e+01 4.063410e+01 6.288873e+01 6.321744e+01 4.040966e+01 4.056728e+01 7.182990e-01 1.488140e+00 2.050458e+00 2.422516e+00 3.901667e+00 3.564478e+00 3.447498e+00 3.418873e+00 3.302157e+00 3.053263e+00 2.844129e+00 2.565749e+00 7.445958e-01
<GConst> 9.994754e+01
<State> 4
<Mean> 25
 7.075432e+00 -3.476429e+00 -4.578838e+00 -5.274018e-01 1.147817e-01 -1.205873e+00 -1.336467e-01 2.050985e+00 2.949263e+00 -1.161783e+00 -3.183961e+00 -2.540557e+00 -5.984820e-01 2.701654e+00 2.074919e+00 1.794926e+00 1.385330e+00 3.420229e-02 -3.485019e-01 -8.527144e-01 -9.114754e-01 6.692148e-01 8.168796e-01 5.475132e-01 -3.024437e+00
<Variance> 25
 1.273717e+01 3.076677e+01 3.478939e+01 4.511651e+01 5.568099e+01 5.916006e+01 4.924023e+01 5.131668e+01 4.969819e+01 6.612643e+01 4.621439e+01 3.656976e+01 2.840776e+00 2.661770e+00 2.707847e+00 3.787750e+00 4.621549e+00 4.858812e+00 4.901715e+00 5.734305e+00 5.668159e+00 4.444953e+00 3.923996e+00 3.254983e+00 3.515666e+00
<GConst> 1.085708e+02
<TransP> 5
 0.000000e+00 1.000000e+00 0.000000e+00 0.000000e+00 0.000000e+00
 0.000000e+00 6.449902e-01 3.550098e-01 0.000000e+00 0.000000e+00
 0.000000e+00 0.000000e+00 4.983392e-01 5.016608e-01 0.000000e+00
 0.000000e+00 0.000000e+00 0.000000e+00 4.688715e-01 5.311285e-01
 0.000000e+00 0.000000e+00 0.000000e+00 0.000000e+00 0.000000e+00
<EndHMM>
~h "b"
<BeginHMM>
<NumStates> 5
<State> 2
<Mean> 25
 9.341372e+00 4.582046e+00 1.421198e+00 2.949349e+00 4.743945e+00 4.603874e+00 -1.066551e+00 -4.938807e+00 -4.535523e+00 1.510789e-01 5.462021e-01 -1.703098e+00 -2.389900e-01 1.810760e-01 9.378037e-03 2.497609e-02 5.264164e-01 3.691899e-02 1.634538e-01 1.850210e-01 5.642993e-02 -1.823483e-01 5.983189e-02 1.952913e-01 -4.144728e-01
<Variance> 25
 1.346911e+01 3.337109e+01 3.690904e+01 5.424635e+01 3.428224e+01 4.324645e+01 4.351894e+01 3.836589e+01 4.640928e+01 4.058456e+01 4.076674e+01 3.052176e+01 2.385764e+00 2.893804e+00 3.787263e+00 4.965214e+00 4.739238e+00 4.509713e+00 4.051141e+00 4.160240e+00 5.709100e+00 3.691361e+00 3.585753e+00 2.746091e+00 4.419790e+00
<GConst> 1.066203e+02
<State> 3
<Mean> 25
 8.139336e+00 1.158519e+00 -1.280184e+00 -4.157006e-01 2.566104e+00 2.571670e+00 -2.291048e+00 -3.103339e+00 -1.255860e+00 9.590650e-01 1.456123e+00 -1.097207e+00 -2.253820e-01 -2.039614e+00 -6.495059e-01 -1.573304e+00 -2.201197e+00 -1.032140e+00 -7.960443e-01 1.190164e+00 1.135299e+00 3.832780e-01 -2.235723e-02 3.507910e-02 3.071874e+00
<Variance> 25
 2.287794e+01 3.300965e+01 4.257088e+01 7.237795e+01 3.707015e+01 4.908107e+01 4.525784e+01 3.405835e+01 3.718678e+01 3.992148e+01 4.152232e+01 2.739310e+01 2.202038e+00 3.590173e+00 6.818552e+00 7.661859e+00 4.863659e+00 5.238290e+00 5.331599e+00 4.799998e+00 6.431524e+00 5.355960e+00 4.793609e+00 3.750595e+00 4.037225e+00
<GConst> 1.101208e+02
<State> 4
<Mean> 25
 8.310059e+00 -2.643567e+00 -6.230438e-01 -1.387452e+00 -2.531235e+00 -6.041167e-01 -3.986549e+00 2.506496e-01 4.372473e-02 9.257077e-01 1.891333e-01 -1.070203e+00 -7.554544e-01 -1.249539e+00 7.069818e-01 -9.257348e-01 -2.612625e+00 -5.899025e-01 2.561207e-01 1.018439e+00 5.993417e-02 -4.252460e-01 -4.823419e-01 1.773763e-01 2.324576e+00
<Variance> 25
 2.029112e+01 3.481212e+01 8.038033e+01 8.923726e+01 4.399495e+01 7.612654e+01 5.218452e+01 3.943116e+01 5.019272e+01 4.791519e+01 4.615039e+01 3.141599e+01 1.991476e+00 2.744442e+00 6.492420e+00 5.999850e+00 7.717733e+00 4.625583e+00 4.438409e+00 4.965753e+00 5.696238e+00 5.744351e+00 4.928061e+00 4.099435e+00 2.298447e+00
<GConst> 1.115503e+02
<TransP> 5
 0.000000e+00 1.000000e+00 0.000000e+00 0.000000e+00 0.000000e+00
 0.000000e+00 3.848990e-01 6.151010e-01 0.000000e+00 0.000000e+00
 0.000000e+00 0.000000e+00 3.478500e-01 6.521500e-01 0.000000e+00
 0.000000e+00 0.000000e+00 0.000000e+00 1.229517e-01 8.770483e-01
 0.000000e+00 0.000000e+00 0.000000e+00 0.000000e+00 0.000000e+00
<EndHMM>
~h "d"
<BeginHMM>
<NumStates> 5
<State> 2
<Mean> 25
 4.134956e+00 6.698681e+00 3.305191e+00 6.739848e+00 3.323963e+00 -6.809672e-01 -1.518023e+00 -3.270426e+00 -1.300046e+00 -9.435381e-01 -3.035933e+00 -1.459938e+00 -3.840785e-01 -2.971168e-01 2.290419e-01 4.060191e-02 -7.016973e-02 -3.204418e-01 5.404616e-02 4.057362e-01 1.797742e-01 -1.168356e-01 2.827031e-01 1.962496e-01 3.974873e-01
<Variance> 25
 2.858931e+01 2.818574e+01 3.684129e+01 3.783170e+01 5.161676e+01 4.062050e+01 3.443333e+01 3.966586e+01 4.098651e+01 3.530946e+01 3.322344e+01 2.459990e+01 4.357992e+00 3.077975e+00 2.832746e+00 3.370483e+00 5.265325e+00 3.965193e+00 3.264659e+00 4.171493e+00 4.092157e+00 3.340118e+00 3.657211e+00 2.429714e+00 5.090471e+00
<GConst> 1.056592e+02
<State> 3
<Mean> 25
 1.534525e+00 2.493631e+00 1.294317e+00 3.746211e+00 4.471955e-01 -4.025156e+00 -1.894950e+00 -1.343622e+00 8.352067e-01 -8.216761e-01 -5.954802e-01 3.093477e-02 2.965069e-01 -1.613434e+00 -2.140765e-01 -1.828891e+00 -3.069367e+00 -1.503794e+00 -3.770624e-01 7.305981e-01 7.301821e-01 4.840871e-01 7.095273e-01 7.712182e-01 3.096247e+00
<Variance> 25
 2.142146e+01 2.060994e+01 2.980639e+01 3.591758e+01 4.949572e+01 4.191637e+01 4.208153e+01 3.351043e+01 3.302242e+01 3.007662e+01 3.307629e+01 2.273355e+01 3.134600e+00 2.773938e+00 3.532817e+00 3.754500e+00 5.099941e+00 3.808252e+00 4.409282e+00 4.718097e+00 4.926883e+00 5.306950e+00 3.828107e+00 2.695279e+00 4.389010e+00
<GConst> 1.052517e+02
<State> 4
<Mean> 25
 4.157617e+00 3.828949e-01 1.385804e+00 3.761820e-01 -6.240300e+00 -6.336204e+00 -2.910466e+00 1.444241e-01 2.448869e+00 8.730080e-01 -3.345650e-01 1.221547e+00 4.980265e-01 -1.137478e+00 -5.109951e-02 -1.861003e+00 -2.471567e+00 -7.985928e-02 1.206061e-02 5.934677e-01 4.202635e-01 6.576837e-01 1.950685e-01 5.606845e-02 1.942179e+00
<Variance> 25
 1.239596e+01 1.843257e+01 3.983835e+01 3.962616e+01 5.270236e+01 4.171416e+01 4.663588e+01 4.744839e+01 4.663861e+01 4.289307e+01 3.719709e+01 2.595236e+01 1.919810e+00 2.099667e+00 3.908652e+00 3.360352e+00 5.109354e+00 3.415988e+00 4.502443e+00 4.832747e+00 4.293027e+00 5.274328e+00 4.870717e+00 2.738060e+00 1.812842e+00
<GConst> 1.048279e+02
<TransP> 5
 0.000000e+00 1.000000e+00 0.000000e+00 0.000000e+00 0.000000e+00
 0.000000e+00 3.980323e-01 6.019677e-01 0.000000e+00 0.000000e+00
 0.000000e+00 0.000000e+00 3.287361e-01 6.712640e-01 0.000000e+00
 0.000000e+00 0.000000e+00 0.000000e+00 1.641057e-01 8.358943e-01
 0.000000e+00 0.000000e+00 0.000000e+00 0.000000e+00 0.000000e+00
<EndHMM>
~h "e"
<BeginHMM>
<NumStates> 5
<State> 2
<Mean> 25
 3.511841e+00 -2.216494e+00 5.681046e+00 -2.298539e+00 -1.284126e+01 -6.098341e+00 -2.757302e-01 1.661166e+00 -5.022320e-01 8.478467e-01 5.795711e-01 1.278962e+00 1.201524e-01 -2.068582e-01 2.010835e-01 -3.094205e-01 -5.716075e-01 -8.706526e-02 2.108285e-02 1.307516e-01 -1.978400e-01 -8.243863e-02 -1.565861e-03 7.056988e-03 2.453930e-01
<Variance> 25
 9.444049e+00 2.308100e+01 2.591236e+01 3.545543e+01 3.350817e+01 4.383454e+01 4.123006e+01 4.682344e+01 4.173831e+01 5.803997e+01 4.281707e+01 2.461777e+01 1.057526e+00 1.552251e+00 1.840049e+00 2.180206e+00 3.290105e+00 2.447061e+00 2.979551e+00 2.754720e+00 2.579299e+00 2.652311e+00 2.389219e+00 1.675548e+00 1.121070e+00
<GConst> 9.726512e+01
<State> 3
<Mean> 25
 4.338293e+00 -2.444181e+00 4.604728e+00 -9.865785e-01 -1.101916e+01 -6.685327e+00 -1.399172e+00 2.448519e+00 -7.132337e-01 -4.880650e-01 1.568713e-01 9.670816e-01 2.140989e-01 9.643207e-01 3.570170e-02 1.027014e+00 1.872148e+00 1.972384e-01 -3.670626e-01 -5.042809e-01 -2.821589e-01 -3.457536e-01 -3.089548e-01 -1.083898e-01 -1.260624e+00
<Variance> 25
 9.543522e+00 2.323336e+01 2.903766e+01 3.183591e+01 3.808943e+01 4.283622e+01 4.745777e+01 4.536837e+01 4.874313e+01 5.152517e+01 4.177692e+01 2.377688e+01 1.723436e+00 2.133309e+00 2.630889e+00 2.641513e+00 3.432519e+00 3.730975e+00 4.463992e+00 3.877440e+00 3.503712e+00 3.748533e+00 3.033393e+00 2.534540e+00 1.377134e+00
<GConst> 1.015560e+02
<State> 4
<Mean> 25
 4.872945e+00 4.877814e-01 4.914913e+00 2.131630e+00 -6.164659e+00 -5.726495e+00 -1.736258e+00 1.062726e+00 -7.823119e-01 -7.388353e-01 -2.491612e-01 6.667984e-01 -5.544562e-01 1.779804e+00 1.715896e-01 1.545059e+00 3.340480e+00 1.162777e+00 2.704334e-01 -7.640373e-01 -3.018047e-01 -2.615103e-02 -2.160197e-01 -3.102587e-01 -2.505614e+00
<Variance> 25
 1.442761e+01 3.198604e+01 3.177542e+01 3.526829e+01 4.902942e+01 4.732090e+01 5.209010e+01 4.539312e+01 4.642154e+01 4.301830e+01 3.688693e+01 2.468671e+01 3.998476e+00 3.397301e+00 2.925759e+00 3.642995e+00 4.962101e+00 4.492340e+00 5.252706e+00 6.249432e+00 4.905304e+00 5.280195e+00 4.535372e+00 3.150521e+00 4.040051e+00
<GConst> 1.079150e+02
<TransP> 5
 0.000000e+00 1.000000e+00 0.000000e+00 0.000000e+00 0.000000e+00
 0.000000e+00 6.073362e-01 3.926638e-01 0.000000e+00 0.000000e+00
 0.000000e+00 0.000000e+00 1.547297e-01 8.452703e-01 0.000000e+00
 0.000000e+00 0.000000e+00 0.000000e+00 2.944929e-01 7.055070e-01
 0.000000e+00 0.000000e+00 0.000000e+00 0.000000e+00 0.000000e+00
<EndHMM>
~h "f"
<BeginHMM>
<NumStates> 5
<State> 2
<Mean> 25
 -6.246342e+00 5.293612e+00 2.576286e+00 8.805595e+00 9.709352e+00 5.954067e+00 4.941406e+00 4.267014e+00 1.738749e+00 1.619949e+00 1.580222e+00 1.279085e+00 -4.050223e+00 -7.679750e-01 -5.345697e-01 9.799270e-01 1.121040e+00 5.749350e-01 9.396203e-01 1.621867e+00 1.689313e+00 1.267079e+00 9.199988e-01 1.029029e+00 -1.100870e+00
<Variance> 25
 3.125192e+01 1.989466e+01 3.057214e+01 2.661504e+01 2.054986e+01 2.577055e+01 2.652777e+01 2.823421e+01 2.958627e+01 2.267799e+01 2.250554e+01 1.735864e+01 4.020808e+00 3.645829e+00 4.930750e+00 5.050082e+00 4.739619e+00 4.221351e+00 3.391334e+00 3.984339e+00 3.363564e+00 2.877540e+00 3.126544e+00 1.936959e+00 1.782693e+00
<GConst> 1.005972e+02
<State> 3
<Mean> 25
 -1.350268e+01 -6.480440e-01 -3.572542e+00 4.566362e+00 5.704119e+00 3.087836e+00 3.155148e+00 4.588768e+00 3.554544e+00 3.588860e+00 2.845331e+00 2.905866e+00 -1.098316e-01 -9.577426e-01 -8.087591e-01 -8.424762e-01 -8.714244e-01 -9.575781e-01 -6.126577e-01 -5.350043e-01 -3.625857e-01 -3.674083e-01 -3.303195e-01 -2.563412e-01 6.832642e-01
<Variance> 25
 1.141135e+01 1.861613e+01 2.526845e+01 2.645241e+01 2.082412e+01 2.641363e+01 2.226559e+01 2.723832e+01 2.101937e+01 1.756139e+01 2.676977e+01 1.507186e+01 5.009448e+00 1.852020e+00 2.649843e+00 1.986766e+00 2.145173e+00 2.413753e+00 2.204410e+00 2.214974e+00 2.235534e+00 2.032489e+00 1.761498e+00 1.644790e+00 2.303782e+00
<GConst> 9.297015e+01
<State> 4
<Mean> 25
 -3.294132e+00 1.041195e-01 -3.622059e+00 1.159488e+00 3.640954e+00 1.024299e+00 2.048350e+00 1.832029e+00 8.060943e-01 8.877964e-01 5.380301e-01 5.378225e-01 5.030209e+00 5.368376e-01 8.655091e-01 -1.629780e+00 -2.143988e+00 -2.348530e-01 -5.860547e-01 -1.085305e+00 -1.086718e+00 -6.471643e-01 -6.873632e-02 -6.731297e-01 1.628347e+00
<Variance> 25
 7.607916e+01 2.602805e+01 4.784443e+01 5.329669e+01 3.652964e+01 4.440642e+01 2.820855e+01 2.875098e+01 2.416640e+01 2.150149e+01 2.349951e+01 1.522349e+01 2.848933e+00 4.739089e+00 6.501491e+00 6.815453e+00 5.065174e+00 5.144862e+00 3.845091e+00 4.970390e+00 4.615338e+00 4.048487e+00 4.514241e+00 2.325618e+00 1.760126e+00
<GConst> 1.060535e+02
<TransP> 5
 0.000000e+00 1.000000e+00 0.000000e+00 0.000000e+00 0.000000e+00
 0.000000e+00 5.726334e-01 4.273666e-01 0.000000e+00 0.000000e+00
 0.000000e+00 0.000000e+00 7.217934e-01 2.782067e-01 0.000000e+00
 0.000000e+00 0.000000e+00 0.000000e+00 6.223972e-01 3.776027e-01
 0.000000e+00 0.000000e+00 0.000000e+00 0.000000e+00 0.000000e+00
<EndHMM>
~h "g"
<BeginHMM>
<NumStates> 5
<State> 2
<Mean> 25
 4.162254e+00 3.319493e+00 1.327718e+00 2.128639e+00 2.802596e+00 2.971477e-01 -3.018132e+00 -2.964238e+00 -2.539834e+00 1.681905e+00 8.576524e-01 -7.459967e-01 -2.192591e-01 2.057465e-01 -1.143910e+00 -8.655025e-01 8.598801e-01 4.993606e-01 5.581549e-01 3.651943e-01 -4.690630e-01 1.600471e-01 2.765929e-01 1.073492e-01 -6.362544e-01
<Variance> 25
 2.869903e+01 3.435242e+01 4.864588e+01 5.289560e+01 7.388460e+01 6.203425e+01 5.664115e+01 5.327669e+01 4.812570e+01 5.590638e+01 5.082856e+01 2.900782e+01 2.286352e+00 4.743924e+00 3.699369e+00 4.585447e+00 6.054451e+00 6.552496e+00 5.731019e+00 5.869743e+00 6.897031e+00 5.450938e+00 4.316529e+00 2.698151e+00 5.025291e+00
<GConst> 1.124369e+02
<State> 3
<Mean> 25
 3.444902e+00 1.636503e+00 -1.094445e+00 -1.331053e+00 1.087426e+00 -8.800359e-01 -1.725777e+00 -1.174750e+00 -2.298229e+00 1.657725e+00 8.787391e-01 5.373049e-01 1.096552e+00 -7.184081e-01 -1.005801e+00 -1.875563e+00 -1.865701e+00 -4.576844e-01 3.587330e-01 3.313763e-01 5.209555e-01 -1.309161e-01 -3.143203e-01 6.070924e-02 1.940377e+00
<Variance> 25
 3.483569e+01 4.146580e+01 5.919714e+01 5.368713e+01 8.388655e+01 7.420390e+01 4.715429e+01 5.536485e+01 5.150481e+01 5.896350e+01 4.652462e+01 2.810711e+01 2.602129e+00 4.313821e+00 3.475329e+00 4.832839e+00 5.790772e+00 4.793030e+00 5.290332e+00 6.181182e+00 6.058552e+00 5.975957e+00 5.129519e+00 2.999544e+00 4.327610e+00
<GConst> 1.129225e+02
<State> 4
<Mean> 25
 6.422388e+00 2.989105e-01 -1.560794e+00 -4.142206e+00 -3.821504e+00 -1.719511e+00 -5.801947e-01 -2.918809e-01 -4.605151e-01 8.948967e-01 -1.929796e-02 -6.567785e-02 7.932321e-01 -1.053651e+00 -1.011309e+00 -1.230819e+00 -1.147160e+00 4.197486e-01 6.330506e-01 6.917863e-01 6.528383e-01 -6.322218e-01 -5.929912e-01 -4.768627e-01 1.592084e+00
<Variance> 25
 1.790533e+01 5.535613e+01 5.243307e+01 5.218339e+01 5.804646e+01 7.002800e+01 4.815517e+01 6.604295e+01 6.612010e+01 7.206315e+01 6.410326e+01 3.248350e+01 1.320968e+00 3.261545e+00 2.840435e+00 4.071374e+00 5.322918e+00 4.044311e+00 4.432269e+00 4.344408e+00 4.575550e+00 5.087889e+00 4.141415e+00 2.828832e+00 2.342499e+00
<GConst> 1.096406e+02
<TransP> 5
 0.000000e+00 1.000000e+00 0.000000e+00 0.000000e+00 0.000000e+00
 0.000000e+00 3.122987e-01 6.877013e-01 0.000000e+00 0.000000e+00
 0.000000e+00 0.000000e+00 3.403960e-01 6.596041e-01 0.000000e+00
 0.000000e+00 0.000000e+00 0.000000e+00 1.489119e-01 8.510882e-01
 0.000000e+00 0.000000e+00 0.000000e+00 0.000000e+00 0.000000e+00
<EndHMM>
~h "i"
<BeginHMM>
<NumStates> 5
<State> 2
<Mean> 25
 4.446768e-01 5.337296e+00 1.313243e+01 2.284851e+00 -9.352694e+00 -9.103515e-01 -1.216117e+00 -6.439894e+00 -6.404552e+00 -8.463686e-01 2.152010e-01 -9.612371e-01 9.009857e-01 8.365232e-01 2.311184e+00 -1.010038e+00 -2.768766e+00 8.724053e-01 -1.154094e+00 -1.936589e+00 -1.208004e+00 -2.214990e-02 -4.691404e-01 -3.894261e-01 1.323515e+00
<Variance> 25
 1.609030e+01 2.961341e+01 2.208579e+01 3.877551e+01 3.474493e+01 4.134314e+01 4.124657e+01 4.194651e+01 3.504153e+01 4.636694e+01 3.227876e+01 2.147446e+01 5.654463e+00 3.425078e+00 3.656187e+00 4.726856e+00 4.536348e+00 4.514705e+00 6.532670e+00 4.557117e+00 4.347820e+00 4.253501e+00 5.207388e+00 2.754719e+00 4.026615e+00
<GConst> 1.067263e+02
<State> 3
<Mean> 25
 3.335752e-02 6.803745e+00 1.427904e+01 -1.908357e+00 -1.151497e+01 2.061617e+00 -4.534819e+00 -9.645827e+00 -6.565175e+00 -4.716350e-01 -2.466586e+00 -1.516435e+00 1.634609e-01 6.461021e-02 -2.578242e-01 1.950684e-01 -5.083076e-02 -1.707579e-01 1.521134e-01 -6.808129e-02 -1.428195e-01 -2.005550e-02 -7.901926e-02 -1.879435e-02 -1.180905e-01
<Variance> 25
 1.015297e+01 2.541131e+01 2.366745e+01 5.731411e+01 3.356244e+01 4.157787e+01 5.415720e+01 3.568810e+01 3.836753e+01 5.083337e+01 4.517252e+01 2.729890e+01 1.085586e+00 1.888626e+00 1.473951e+00 2.682785e+00 2.624284e+00 3.045562e+00 3.130196e+00 2.593143e+00 2.121901e+00 2.286704e+00 2.103537e+00 1.562494e+00 1.114087e+00
<GConst> 9.735590e+01
<State> 4
<Mean> 25
 1.675046e+00 5.982557e+00 1.167018e+01 4.642784e+00 -7.282562e+00 -1.856020e+00 -3.016637e-01 -5.453567e+00 -6.643374e+00 -1.453493e+00 -4.206276e-01 -9.138772e-01 -1.282570e-02 1.044655e-01 -1.699129e+00 1.433889e+00 3.264663e+00 -4.262146e-01 7.806276e-01 1.598789e+00 1.020151e+00 -2.994113e-02 1.502127e-02 1.843524e-01 -1.997330e+00
<Variance> 25
 1.439996e+01 2.924720e+01 2.594323e+01 4.444583e+01 5.885496e+01 4.656852e+01 3.950417e+01 4.573399e+01 4.194688e+01 4.508835e+01 3.558498e+01 2.356116e+01 3.358784e+00 3.102416e+00 2.638757e+00 4.020013e+00 5.099460e+00 4.535110e+00 5.126673e+00 4.583609e+00 4.197692e+00 4.180658e+00 4.079600e+00 2.471131e+00 4.171042e+00
<GConst> 1.063390e+02
<TransP> 5
 0.000000e+00 1.000000e+00 0.000000e+00 0.000000e+00 0.000000e+00
 0.000000e+00 4.679303e-01 5.320697e-01 0.000000e+00 0.000000e+00
 0.000000e+00 0.000000e+00 6.691650e-01 3.308350e-01 0.000000e+00
 0.000000e+00 0.000000e+00 0.000000e+00 5.765201e-01 4.234800e-01
 0.000000e+00 0.000000e+00 0.000000e+00 0.000000e+00 0.000000e+00
<EndHMM>
~h "j"
<BeginHMM>
<NumStates> 5
<State> 2
<Mean> 25
 2.035664e-01 6.317369e+00 1.449716e+01 3.419162e-01 -9.368885e+00 4.278729e-01 -2.693204e+00 -7.398228e+00 -6.275457e+00 -3.817332e-01 -7.530231e-01 -1.108690e+00 7.845578e-01 1.420498e-01 9.946556e-01 -1.243579e+00 -2.170283e+00 1.284014e-01 -1.396889e+00 -8.781294e-01 -8.947771e-01 1.911783e-01 -3.150540e-01 -1.475170e-01 9.297132e-01
<Variance> 25
 1.090628e+01 2.952677e+01 2.208776e+01 4.699918e+01 3.116462e+01 4.474927e+01 4.532697e+01 3.918178e+01 3.662979e+01 5.120799e+01 3.845813e+01 2.361604e+01 4.184441e+00 3.385112e+00 3.522037e+00 3.768009e+00 5.948732e+00 5.218719e+00 5.286940e+00 3.899283e+00 4.185930e+00 4.518883e+00 4.535289e+00 1.938726e+00 2.139058e+00
<GConst> 1.053095e+02
<State> 3
<Mean> 25
 8.450008e-01 2.811726e+00 1.257712e+01 -2.280984e+00 -1.427433e+01 -1.839121e+00 -3.167109e+00 -5.707414e+00 -6.576551e+00 1.700490e+00 2.036500e-02 -7.665850e-01 6.264278e-01 -1.617956e+00 -1.675380e+00 -6.159831e-01 -9.297019e-01 -1.436723e+00 2.866939e-01 1.781927e+00 6.048403e-01 1.921178e-01 3.673981e-01 2.258052e-01 1.043136e+00
<Variance> 25
 8.040250e+00 1.912671e+01 2.589225e+01 5.045903e+01 2.406892e+01 4.276638e+01 3.524808e+01 3.773560e+01 4.003424e+01 8.237546e+01 5.103003e+01 2.327684e+01 8.772108e-01 1.801380e+00 1.653556e+00 2.172395e+00 2.467722e+00 2.634797e+00 5.446952e+00 3.179757e+00 2.990201e+00 3.040183e+00 2.001528e+00 1.901863e+00 8.909338e-01
<GConst> 9.735695e+01
<State> 4
<Mean> 25
 3.243085e+00 -2.402154e+00 5.226347e+00 -2.099639e+00 -1.139545e+01 -6.666926e+00 -2.843436e+00 2.429058e+00 -1.318083e+00 -3.523130e-01 2.381913e-01 7.685342e-02 8.413154e-01 -1.166655e+00 -2.789722e+00 -6.688146e-01 1.915654e+00 7.986451e-02 -3.170111e-01 1.364843e+00 2.076013e+00 -2.855562e-01 -1.060316e+00 -4.746270e-01 3.054737e-01
<Variance> 25
 8.721465e+00 1.990585e+01 3.127471e+01 3.430005e+01 3.167143e+01 4.003082e+01 5.400919e+01 4.236552e+01 5.462672e+01 6.395273e+01 5.063283e+01 2.298908e+01 5.789550e-01 1.455620e+00 1.783343e+00 2.854604e+00 2.622236e+00 3.660992e+00 4.767646e+00 4.406329e+00 4.821856e+00 6.815660e+00 2.597712e+00 2.498206e+00 7.228577e-01
<GConst> 9.998154e+01
<TransP> 5
 0.000000e+00 1.000000e+00 0.000000e+00 0.000000e+00 0.000000e+00
 0.000000e+00 5.549635e-01 4.450365e-01 0.000000e+00 0.000000e+00
 0.000000e+00 0.000000e+00 5.815718e-01 4.184283e-01 0.000000e+00
 0.000000e+00 0.000000e+00 0.000000e+00 5.280416e-01 4.719585e-01
 0.000000e+00 0.000000e+00 0.000000e+00 0.000000e+00 0.000000e+00
<EndHMM>
~h "k"
<BeginHMM>
<NumStates> 5
<State> 2
<Mean> 25
 -3.312165e+00 2.460574e+00 1.616213e+00 5.853024e+00 5.723667e+00 8.208702e-01 2.094759e+00 2.012722e+00 1.799138e+00 2.798425e+00 2.910080e+00 1.727298e+00 -1.827069e+00 -1.796821e+00 -1.928261e+00 -1.119258e+00 6.815322e-02 -1.142492e-01 -1.781171e-01 5.273887e-01 6.537169e-01 7.603441e-01 7.714866e-01 6.867360e-01 -1.504864e+00
<Variance> 25
 3.048494e+01 3.027200e+01 4.499370e+01 3.922770e+01 5.121011e+01 4.661708e+01 3.977753e+01 4.516059e+01 4.771131e+01 4.066610e+01 3.777660e+01 2.534889e+01 2.713955e+00 4.103181e+00 4.636326e+00 4.610966e+00 6.015924e+00 5.063804e+00 4.268846e+00 4.296436e+00 4.515386e+00 4.150336e+00 3.836028e+00 2.405243e+00 9.620450e+00
<GConst> 1.091715e+02
<State> 3
<Mean> 25
 -7.461379e+00 -5.043087e+00 -6.164128e+00 6.489350e-02 5.372440e+00 -6.203273e-01 3.214688e-01 2.168263e+00 6.388286e-01 2.741079e+00 2.504212e+00 2.109838e+00 6.034239e-01 -6.231602e-01 -1.448797e+00 -1.718673e+00 -2.303800e-01 -1.823878e-01 -2.103053e-01 -2.424622e-01 -9.910698e-01 -3.474890e-01 -7.223510e-01 -5.232319e-01 4.324210e+00
<Variance> 25
 2.170685e+01 3.230329e+01 4.959537e+01 4.534946e+01 5.991581e+01 4.541714e+01 4.375361e+01 3.870372e+01 4.102956e+01 3.265164e+01 3.428872e+01 2.340548e+01 4.822161e+00 5.040742e+00 8.244754e+00 6.326207e+00 7.423903e+00 5.816273e+00 4.783416e+00 5.454195e+00 4.824272e+00 4.609139e+00 4.279662e+00 2.821646e+00 6.361093e+00
<GConst> 1.110644e+02
<State> 4
<Mean> 25
 1.076878e+00 8.866059e-01 -5.281536e+00 -5.504518e+00 1.936944e+00 4.869827e-01 -1.152028e-01 -4.946089e-01 -2.705924e+00 1.670216e+00 1.973230e+00 2.379049e-01 3.082137e+00 1.142954e+00 1.568929e+00 -1.211558e+00 -2.792516e+00 4.923436e-02 -1.096090e-01 -7.487112e-01 -2.711008e-01 -5.321215e-01 1.527327e-01 -2.991533e-01 2.673951e+00
<Variance> 25
 4.420321e+01 2.944940e+01 8.605101e+01 7.088708e+01 8.819092e+01 6.213655e+01 4.404154e+01 5.400975e+01 4.145591e+01 5.154322e+01 4.739198e+01 2.287332e+01 2.839256e+00 4.729156e+00 5.861989e+00 5.339369e+00 5.534774e+00 4.589933e+00 4.695152e+00 5.968928e+00 5.897581e+00 5.276213e+00 6.832438e+00 3.218926e+00 2.927415e+00
<GConst> 1.130845e+02
<TransP> 5
 0.000000e+00 1.000000e+00 0.000000e+00 0.000000e+00 0.000000e+00
 0.000000e+00 6.066352e-01 3.933648e-01 0.000000e+00 0.000000e+00
 0.000000e+00 0.000000e+00 6.040809e-01 3.959191e-01 0.000000e+00
 0.000000e+00 0.000000e+00 0.000000e+00 5.805174e-01 4.194827e-01
 0.000000e+00 0.000000e+00 0.000000e+00 0.000000e+00 0.000000e+00
<EndHMM>
~h "l"
<BeginHMM>
<NumStates> 5
<State> 2
<Mean> 25
 6.202665e+00 8.917803e-02 7.329519e+00 1.569164e-01 -1.771994e+00 -2.947261e+00 -1.107522e+01 -3.389132e+00 1.912468e+00 -2.728491e+00 -3.363677e+00 3.222510e+00 1.934426e-01 3.670573e-01 6.766306e-01 2.525195e-01 5.895703e-01 3.514917e-01 -1.087199e+00 -5.255823e-01 1.714453e-01 -2.516609e-01 -3.833003e-01 2.128202e-01 -4.201304e-01
<Variance> 25
 1.387406e+01 2.720514e+01 5.088930e+01 4.043158e+01 4.312613e+01 5.513013e+01 5.091492e+01 5.644415e+01 5.169122e+01 5.333298e+01 5.034528e+01 5.767480e+01 1.351556e+00 2.052608e+00 3.136741e+00 2.939163e+00 3.328928e+00 3.687323e+00 4.583868e+00 4.756693e+00 3.777127e+00 3.446816e+00 3.242197e+00 3.217029e+00 2.712290e+00
<GConst> 1.058827e+02
<State> 3
<Mean> 25
 6.609942e+00 -7.231078e-01 5.794497e+00 7.074413e-01 -1.273708e+00 -1.979370e+00 -1.093074e+01 -3.654735e+00 2.602702e+00 -1.369982e+00 -3.032545e+00 1.557424e+00 -7.070426e-02 -5.495032e-01 -1.152664e+00 -1.660088e-01 -5.290421e-01 2.056901e-01 1.515165e+00 1.162313e+00 6.794307e-02 8.149515e-01 4.565468e-01 -7.584254e-01 3.155237e-01
<Variance> 25
 1.413223e+01 3.028846e+01 5.151764e+01 4.064210e+01 4.500661e+01 5.266938e+01 5.443313e+01 5.626188e+01 4.787446e+01 4.969832e+01 5.027573e+01 4.699834e+01 1.442021e+00 3.249592e+00 3.929742e+00 4.184381e+00 5.327002e+00 5.015250e+00 5.039896e+00 6.234587e+00 4.878967e+00 4.832287e+00 4.268456e+00 3.563551e+00 3.825466e+00
<GConst> 1.092941e+02
<State> 4
<Mean> 25
 6.312356e+00 -2.242043e+00 2.056563e+00 -6.359779e-03 -3.018039e+00 -2.249596e+00 -5.267385e+00 3.045616e-01 2.509187e+00 3.994859e-01 -1.829484e+00 -1.143755e-01 -5.495425e-01 -6.334817e-01 -1.590638e+00 -2.729917e-01 -2.018868e-01 9.853573e-01 2.792300e+00 1.173104e+00 -1.568056e-01 3.330451e-01 3.862816e-01 -8.828186e-01 2.570711e-01
<Variance> 25
 1.672709e+01 3.900060e+01 5.484553e+01 5.090668e+01 5.341846e+01 5.409083e+01 5.777755e+01 6.937177e+01 5.451145e+01 5.122579e+01 4.474238e+01 3.490702e+01 1.658847e+00 5.143511e+00 4.384334e+00 4.837667e+00 7.149889e+00 6.258818e+00 6.647728e+00 5.962136e+00 5.963902e+00 6.397453e+00 5.591078e+00 4.298502e+00 5.719815e+00
<GConst> 1.131593e+02
<TransP> 5
 0.000000e+00 1.000000e+00 0.000000e+00 0.000000e+00 0.000000e+00
 0.000000e+00 4.913378e-01 5.086622e-01 0.000000e+00 0.000000e+00
 0.000000e+00 0.000000e+00 2.619112e-01 7.380888e-01 0.000000e+00
 0.000000e+00 0.000000e+00 0.000000e+00 2.271677e-01 7.728323e-01
 0.000000e+00 0.000000e+00 0.000000e+00 0.000000e+00 0.000000e+00
<EndHMM>
~h "m"
<BeginHMM>
<NumStates> 5
<State> 2
<Mean> 25
 9.860377e+00 2.163714e+00 2.574499e+00 5.420643e+00 1.283477e+00 2.599867e+00 -1.220470e+00 -8.658726e+00 -9.281483e+00 2.599139e-01 6.532122e-02 -5.189344e+00 2.913524e-01 9.886361e-01 1.091531e+00 2.440988e+00 1.329515e+00 4.077725e-01 6.540510e-01 -2.695904e+00 -2.596801e+00 5.187856e-01 -1.210180e-01 -7.014509e-01 -1.293158e+00
<Variance> 25
 9.201168e+00 2.080474e+01 2.375018e+01 4.544883e+01 2.816837e+01 6.358183e+01 3.724666e+01 5.833326e+01 5.550265e+01 4.993181e+01 4.923076e+01 3.188268e+01 1.335184e+00 2.303179e+00 4.008291e+00 4.162744e+00 3.705639e+00 4.260712e+00 3.970511e+00 5.465744e+00 6.628551e+00 5.151381e+00 5.064720e+00 3.331172e+00 1.719130e+00
<GConst> 1.053182e+02
<State> 3
<Mean> 25
 9.707875e+00 2.723130e+00 4.453115e+00 7.124747e+00 1.645525e+00 4.117293e+00 -7.344407e-01 -9.935970e+00 -1.151312e+01 5.032151e-01 -1.386771e+00 -5.431391e+00 -1.175667e-01 7.343626e-02 3.811514e-02 -5.618991e-02 1.323235e-01 1.815126e-01 1.014101e-01 1.476296e-01 -8.424330e-02 -1.795696e-01 -8.813570e-02 -2.472288e-02 -5.893448e-02
<Variance> 25
 9.566506e+00 2.114647e+01 2.006939e+01 4.116766e+01 2.873829e+01 7.194157e+01 4.098906e+01 5.238686e+01 5.094473e+01 5.646703e+01 6.252044e+01 3.366949e+01 4.362367e-01 1.499918e+00 1.250632e+00 2.004835e+00 2.037701e+00 1.894067e+00 1.793213e+00 2.580392e+00 2.811033e+00 2.200577e+00 2.142464e+00 1.800088e+00 1.803015e+00
<GConst> 9.603513e+01
<State> 4
<Mean> 25
 9.219398e+00 -6.320008e-02 5.948487e-01 1.881754e+00 9.276169e-01 3.744817e+00 -1.613948e+00 -5.794089e+00 -6.702867e+00 -1.280607e+00 -2.058434e-01 -4.995901e+00 -6.500966e-01 -1.282394e+00 -1.114299e+00 -2.819124e+00 -9.401852e-01 1.326036e-01 -3.126634e-01 3.029465e+00 2.632095e+00 -7.486914e-01 -1.821610e-01 5.469316e-01 1.527628e+00
<Variance> 25
 9.294943e+00 3.644155e+01 4.109706e+01 6.833009e+01 3.713585e+01 7.031325e+01 4.114029e+01 6.505554e+01 6.323697e+01 4.138827e+01 3.797461e+01 3.053466e+01 1.364816e+00 2.507659e+00 5.172009e+00 4.990349e+00 4.992658e+00 4.232222e+00 3.916044e+00 5.103829e+00 6.154897e+00 5.288166e+00 5.486881e+00 3.714295e+00 2.730319e+00
<GConst> 1.084264e+02
<TransP> 5
 0.000000e+00 1.000000e+00 0.000000e+00 0.000000e+00 0.000000e+00
 0.000000e+00 4.356273e-01 5.643727e-01 0.000000e+00 0.000000e+00
 0.000000e+00 0.000000e+00 5.841048e-01 4.158952e-01 0.000000e+00
 0.000000e+00 0.000000e+00 0.000000e+00 5.740712e-01 4.259288e-01
 0.000000e+00 0.000000e+00 0.000000e+00 0.000000e+00 0.000000e+00
<EndHMM>
~h "n"
<BeginHMM>
<NumStates> 5
<State> 2
<Mean> 25
 9.126727e+00 3.413156e+00 4.451305e+00 5.443603e+00 -3.839055e+00 4.329590e-01 -5.540755e-01 -8.275007e+00 -6.881348e+00 8.502570e-01 -5.335066e+00 -1.970937e+00 2.517842e-01 1.017584e+00 5.600699e-01 1.082906e+00 5.232348e-01 1.933786e-01 3.866817e-01 -1.156078e+00 -6.976023e-01 3.031874e-01 -5.675635e-01 1.326114e-01 -1.160760e+00
<Variance> 25
 1.040781e+01 1.839128e+01 2.514644e+01 4.775682e+01 2.720062e+01 5.411191e+01 3.170881e+01 4.990636e+01 5.163026e+01 5.125864e+01 4.815574e+01 2.920452e+01 6.829885e-01 1.469864e+00 2.214426e+00 2.484637e+00 2.653773e+00 2.928541e+00 2.531378e+00 4.571530e+00 3.549693e+00 3.167341e+00 2.780251e+00 2.022386e+00 1.047190e+00
<GConst> 9.848378e+01
<State> 3
<Mean> 25
 8.740793e+00 6.020735e+00 4.796132e+00 6.226990e+00 -1.410738e+00 6.723648e-01 1.383445e-01 -7.763394e+00 -7.571857e+00 2.415829e-01 -5.012152e+00 -1.898122e+00 -1.088083e+00 3.222549e-01 2.852884e-01 -3.664925e-02 1.722624e+00 1.119873e-01 -1.053163e-01 1.644678e+00 5.399086e-01 -5.262852e-01 4.878725e-01 6.777309e-03 -1.248214e+00
<Variance> 25
 1.115113e+01 2.756502e+01 2.237800e+01 3.626821e+01 3.381622e+01 4.812448e+01 3.363830e+01 5.075191e+01 5.379202e+01 5.114608e+01 4.017782e+01 2.550500e+01 1.427302e+00 2.648309e+00 2.480443e+00 3.306523e+00 4.301274e+00 3.159178e+00 2.921461e+00 4.420815e+00 3.874045e+00 3.051830e+00 3.414178e+00 2.600095e+00 4.421793e+00
<GConst> 1.028051e+02
<State> 4
<Mean> 25
 6.561374e+00 2.709747e+00 4.088494e+00 4.305058e+00 2.809480e-01 -7.748139e-02 -1.760476e+00 -2.428775e+00 -4.030473e+00 -1.487314e+00 -4.004296e+00 -1.899755e+00 -1.836732e+00 -1.431744e+00 -8.054001e-01 -1.480373e+00 6.326313e-01 3.548319e-01 -2.319437e-01 2.646092e+00 1.695851e+00 -5.088426e-01 1.028852e+00 3.273484e-01 4.104661e-01
<Variance> 25
 1.397578e+01 4.709524e+01 3.199410e+01 4.323446e+01 4.580482e+01 4.644144e+01 4.353400e+01 5.879094e+01 5.415805e+01 4.793811e+01 3.417819e+01 2.549095e+01 3.545825e+00 3.691067e+00 3.931978e+00 4.559464e+00 5.251879e+00 5.043105e+00 4.486296e+00 5.957335e+00 5.630070e+00 4.997435e+00 4.987636e+00 3.442205e+00 5.151010e+00
<GConst> 1.096501e+02
<TransP> 5
 0.000000e+00 1.000000e+00 0.000000e+00 0.000000e+00 0.000000e+00
 0.000000e+00 6.177313e-01 3.822687e-01 0.000000e+00 0.000000e+00
 0.000000e+00 0.000000e+00 3.445436e-01 6.554564e-01 0.000000e+00
 0.000000e+00 0.000000e+00 0.000000e+00 3.101741e-01 6.898259e-01
 0.000000e+00 0.000000e+00 0.000000e+00 0.000000e+00 0.000000e+00
<EndHMM>
~h "o"
<BeginHMM>
<NumStates> 5
<State> 2
<Mean> 25
 8.434979e+00 -1.107920e+00 -6.385469e+00 -1.117815e+01 -1.640488e+00 4.812610e+00 -5.476422e+00 -3.257064e+00 1.441466e+00 3.607689e+00 1.760585e+00 -1.774057e+00 4.091789e-01 -8.147552e-02 -7.546059e-01 -1.249503e+00 1.055549e-01 1.142605e+00 1.929039e-01 -5.096803e-01 -2.535076e-01 9.294434e-02 5.761909e-01 -1.262843e-01 1.136739e-01
<Variance> 25
 1.193925e+01 2.711136e+01 2.798430e+01 5.555158e+01 3.836380e+01 6.233514e+01 5.267718e+01 4.839870e+01 4.799514e+01 6.126718e+01 7.410975e+01 3.244726e+01 8.179029e-01 1.518429e+00 1.863438e+00 3.072663e+00 3.246704e+00 2.834245e+00 2.895636e+00 3.096694e+00 3.213033e+00 3.544880e+00 2.965276e+00 2.510715e+00 9.971911e-01
<GConst> 1.012825e+02
<State> 3
<Mean> 25
 9.241555e+00 -4.599688e-01 -7.383024e+00 -1.127720e+01 -1.420605e+00 6.718884e+00 -4.170508e+00 -4.401556e+00 -1.687356e-01 2.174086e+00 3.614620e+00 -1.284614e+00 -1.020920e-01 1.218950e-01 4.404903e-01 1.884771e+00 7.971073e-01 -5.547961e-01 -1.912324e-01 -2.279166e-01 1.647044e-01 -1.826892e-01 -4.740800e-01 -3.630663e-01 -8.851846e-01
<Variance> 25
 1.242484e+01 3.024592e+01 3.256895e+01 5.237608e+01 4.727651e+01 5.901206e+01 5.936882e+01 4.661180e+01 4.871935e+01 6.249962e+01 6.526546e+01 3.835641e+01 8.176733e-01 2.432997e+00 2.001431e+00 4.039340e+00 3.992483e+00 3.745564e+00 4.518860e+00 3.716976e+00 4.941346e+00 4.644232e+00 3.728336e+00 2.872968e+00 1.800607e+00
<GConst> 1.054204e+02
<State> 4
<Mean> 25
 8.488274e+00 8.979040e-01 -4.286127e+00 -4.182823e+00 2.095073e+00 3.836159e+00 -4.719030e+00 -3.914777e+00 7.361994e-01 1.795852e+00 8.370454e-01 -1.750023e+00 -1.482287e+00 9.868346e-01 1.952864e+00 3.034994e+00 1.626697e+00 -6.729016e-01 9.277806e-01 2.164290e-01 1.295950e-01 -6.650174e-01 -6.654360e-01 3.008671e-01 -2.210192e+00
<Variance> 25
 1.627604e+01 3.884678e+01 3.549355e+01 5.245739e+01 5.881340e+01 6.485345e+01 6.143272e+01 4.767226e+01 6.496690e+01 5.552254e+01 5.382030e+01 3.104648e+01 3.673250e+00 3.622187e+00 3.053307e+00 4.517658e+00 6.326522e+00 5.080877e+00 4.985291e+00 6.155673e+00 6.241971e+00 6.446003e+00 5.944844e+00 3.318851e+00 4.286456e+00
<GConst> 1.120050e+02
<TransP> 5
 0.000000e+00 1.000000e+00 0.000000e+00 0.000000e+00 0.000000e+00
 0.000000e+00 6.319221e-01 3.680778e-01 0.000000e+00 0.000000e+00
 0.000000e+00 0.000000e+00 4.797632e-01 5.202367e-01 0.000000e+00
 0.000000e+00 0.000000e+00 0.000000e+00 4.274728e-01 5.725271e-01
 0.000000e+00 0.000000e+00 0.000000e+00 0.000000e+00 0.000000e+00
<EndHMM>
~h "p"
<BeginHMM>
<NumStates> 5
<State> 2
<Mean> 25
 -1.818360e+00 4.843390e+00 2.858859e+00 6.131997e+00 7.649496e+00 2.879609e+00 2.232617e+00 2.829109e+00 1.987665e+00 2.560130e+00 2.594875e+00 1.417414e+00 -1.984841e+00 -1.458912e+00 -1.283901e+00 -9.306441e-01 -6.780237e-01 -9.617329e-01 -1.934948e-01 4.161339e-01 8.326458e-01 7.218009e-01 7.773755e-01 7.358330e-01 -1.482812e+00
<Variance> 25
 3.692772e+01 3.099781e+01 3.672013e+01 3.050751e+01 3.574635e+01 3.736417e+01 3.065729e+01 3.604338e+01 4.351567e+01 4.001931e+01 3.730242e+01 2.721183e+01 2.586818e+00 2.457760e+00 2.464606e+00 2.989490e+00 3.013350e+00 2.948279e+00 3.235524e+00 3.512305e+00 3.605386e+00 3.045145e+00 2.640947e+00 2.136683e+00 8.671793e+00
<GConst> 1.033491e+02
<State> 3
<Mean> 25
 -5.668190e+00 -6.855189e-01 -2.189828e+00 1.428944e+00 4.257102e+00 -1.006325e+00 -3.783513e-01 1.439958e+00 2.274529e+00 2.189588e+00 2.329351e+00 1.622043e+00 1.930582e+00 -8.921050e-01 -7.822093e-01 -1.136584e+00 -9.644052e-01 -5.969682e-02 -3.069914e-01 -3.370633e-01 -2.954922e-01 -4.812671e-01 -7.452427e-01 -5.910251e-01 5.604517e+00
<Variance> 25
 1.910599e+01 2.199402e+01 2.151609e+01 2.306544e+01 2.622344e+01 3.298697e+01 3.035644e+01 3.001023e+01 3.043511e+01 2.654644e+01 3.228236e+01 2.017690e+01 5.769997e+00 3.769447e+00 5.151544e+00 5.171672e+00 4.624297e+00 5.449761e+00 4.358340e+00 4.197586e+00 4.529004e+00 4.238983e+00 3.723895e+00 2.990828e+00 6.621815e+00
<GConst> 1.046968e+02
<State> 4
<Mean> 25
 6.476927e+00 2.906269e-01 -4.203135e+00 -3.908497e+00 6.127489e-01 3.359242e+00 8.842878e-01 6.369131e-01 9.814680e-01 1.522134e+00 1.326943e+00 3.734147e-01 3.707467e+00 -4.938489e-01 -5.018196e-01 -2.106395e+00 -2.442266e+00 1.364861e+00 -8.816534e-02 -4.299539e-01 -1.842318e-01 -2.694101e-02 2.871328e-01 -1.194724e-01 3.845585e+00
<Variance> 25
 3.364043e+01 3.270310e+01 4.158210e+01 7.882713e+01 4.874561e+01 6.340485e+01 3.694724e+01 3.237014e+01 3.074600e+01 3.416122e+01 2.981349e+01 2.335640e+01 2.906569e+00 6.883983e+00 7.083976e+00 9.113289e+00 6.273794e+00 7.527336e+00 6.129421e+00 5.618631e+00 6.095763e+00 6.225576e+00 6.213454e+00 4.087588e+00 6.610775e+00
<GConst> 1.129881e+02
<TransP> 5
 0.000000e+00 1.000000e+00 0.000000e+00 0.000000e+00 0.000000e+00
 0.000000e+00 6.679370e-01 3.320630e-01 0.000000e+00 0.000000e+00
 0.000000e+00 0.000000e+00 6.078150e-01 3.921849e-01 0.000000e+00
 0.000000e+00 0.000000e+00 0.000000e+00 3.946540e-01 6.053461e-01
 0.000000e+00 0.000000e+00 0.000000e+00 0.000000e+00 0.000000e+00
<EndHMM>
~h "r"
<BeginHMM>
<NumStates> 5
<State> 2
<Mean> 25
 3.391916e+00 -1.635067e+00 -2.240172e-02 4.557214e+00 3.494928e+00 -1.296938e+00 -6.961798e-01 2.036869e+00 3.343512e+00 6.009177e-01 -1.235455e+00 -9.833553e-01 5.800353e-02 -1.078603e-01 -3.277045e-02 6.429066e-03 2.948808e-01 -4.940965e-01 -3.737220e-01 2.342111e-01 3.872975e-01 1.670501e-01 -2.648501e-02 6.081742e-03 6.619553e-02
<Variance> 25
 2.739878e+01 2.449226e+01 4.159489e+01 2.914202e+01 3.843340e+01 3.710337e+01 4.215786e+01 4.360928e+01 4.209985e+01 3.827211e+01 3.498906e+01 2.254663e+01 3.273607e+00 2.536700e+00 3.348458e+00 1.963472e+00 4.339221e+00 3.703645e+00 3.096014e+00 3.890791e+00 3.921262e+00 2.957338e+00 3.252522e+00 2.317919e+00 2.388955e+00
<GConst> 1.029980e+02
<State> 3
<Mean> 25
 6.913235e+00 -4.379734e+00 -4.728574e+00 3.826793e+00 1.614991e-01 -5.110195e+00 -2.184872e+00 1.878330e+00 4.319781e+00 2.538814e+00 -1.058980e+00 -2.173075e+00 1.462930e+00 -1.097218e+00 -9.113060e-01 3.941230e-01 -1.889283e+00 -1.254869e+00 -2.477887e-01 1.359273e-01 1.643408e-02 2.194958e-01 1.028136e-01 4.270895e-02 9.835049e-01
<Variance> 25
 1.727241e+01 1.570290e+01 3.560341e+01 2.188745e+01 3.319275e+01 3.214555e+01 3.781176e+01 3.257838e+01 2.857850e+01 3.976792e+01 3.163569e+01 2.360038e+01 1.794778e+00 1.860114e+00 3.260861e+00 1.949926e+00 3.850759e+00 2.997329e+00 3.182868e+00 3.315554e+00 3.933631e+00 4.178954e+00 3.695057e+00 2.839443e+00 1.279520e+00
<GConst> 9.920279e+01
<State> 4
<Mean> 25
 9.075881e+00 -6.902840e+00 -4.328718e+00 6.492775e+00 -4.922286e+00 -6.661386e+00 -1.512535e+00 1.760961e+00 2.663143e+00 2.989576e+00 -1.163721e+00 -7.339456e-01 -9.951007e-03 -3.549794e-01 7.268370e-01 -4.383195e-01 -1.439818e+00 -3.533142e-01 3.334413e-01 1.208615e-02 -5.677505e-01 -5.614758e-01 -5.026422e-02 7.254318e-01 5.736128e-01
<Variance> 25
 1.235110e+01 1.825104e+01 5.244890e+01 2.698081e+01 4.525880e+01 4.320687e+01 4.453720e+01 3.847879e+01 4.572291e+01 6.004228e+01 4.475544e+01 3.221566e+01 1.201254e+00 1.384207e+00 2.573886e+00 2.297707e+00 4.082746e+00 3.035124e+00 3.108928e+00 3.870798e+00 3.862238e+00 4.349076e+00 2.890511e+00 2.260857e+00 1.052245e+00
<GConst> 1.008759e+02
<TransP> 5
 0.000000e+00 1.000000e+00 0.000000e+00 0.000000e+00 0.000000e+00
 0.000000e+00 5.970148e-01 4.029852e-01 0.000000e+00 0.000000e+00
 0.000000e+00 0.000000e+00 4.747030e-01 5.252969e-01 0.000000e+00
 0.000000e+00 0.000000e+00 0.000000e+00 5.847920e-01 4.152080e-01
 0.000000e+00 0.000000e+00 0.000000e+00 0.000000e+00 0.000000e+00
<EndHMM>
~h "s"
<BeginHMM>
<NumStates> 5
<State> 2
<Mean> 25
 -9.012651e+00 9.140018e+00 3.988831e+00 1.729283e+00 9.589818e+00 -3.096861e+00 2.676046e+00 1.982286e+00 1.930773e+00 -2.068295e+00 4.287212e-01 3.260157e-01 -5.871102e+00 2.266303e+00 7.215652e-02 9.829028e-01 3.403328e+00 1.688690e+00 1.670155e+00 1.650813e+00 9.983966e-01 4.820193e-01 1.093800e+00 6.890043e-01 -7.041129e-01
<Variance> 25
 5.526223e+01 3.134869e+01 3.122808e+01 3.047195e+01 4.415382e+01 5.949751e+01 6.034372e+01 6.329139e+01 5.845935e+01 4.105762e+01 2.689176e+01 2.123512e+01 3.429311e+00 5.746533e+00 4.829895e+00 3.839031e+00 5.286692e+00 4.384565e+00 4.011556e+00 4.621328e+00 4.579762e+00 4.570599e+00 4.675287e+00 2.949138e+00 1.667493e+00
<GConst> 1.086551e+02
<State> 3
<Mean> 25
 -2.160496e+01 7.872155e+00 -1.409482e+00 8.567500e-01 1.056037e+01 9.868023e-02 4.754426e+00 4.969956e+00 4.019125e+00 5.103077e-01 3.729323e+00 2.455295e+00 -5.253085e-01 -8.052343e-01 -1.050978e+00 -2.634679e-01 -7.644343e-01 -1.184609e-01 -2.981606e-01 -9.909743e-03 -1.135303e-01 9.224238e-02 1.512630e-01 1.354790e-01 -7.497653e-01
<Variance> 25
 1.845052e+01 2.841323e+01 3.161174e+01 3.725585e+01 2.852975e+01 4.138060e+01 4.987629e+01 4.090665e+01 4.138624e+01 2.783375e+01 3.449689e+01 1.779129e+01 6.130512e+00 1.837775e+00 2.633477e+00 2.168355e+00 2.180311e+00 3.034469e+00 2.895934e+00 3.236547e+00 3.154421e+00 2.819421e+00 2.079598e+00 1.729519e+00 2.386824e+00
<GConst> 1.000703e+02
<State> 4
<Mean> 25
 -1.084225e+01 4.376553e+00 -5.948763e-01 1.768129e+00 6.067600e+00 -2.257685e+00 2.689145e+00 2.553887e+00 1.959872e+00 -3.164377e-01 1.303340e+00 1.455444e+00 4.370173e+00 -9.087389e-01 5.538592e-01 4.607597e-01 -1.750379e+00 -4.706635e-01 -4.943865e-01 -1.129870e+00 -6.241758e-01 1.787191e-01 -4.630808e-01 -3.165545e-01 -1.016303e+00
<Variance> 25
 7.647507e+01 3.067004e+01 3.091174e+01 3.410591e+01 4.418134e+01 4.788193e+01 5.035437e+01 4.798409e+01 4.471058e+01 3.294577e+01 3.908281e+01 2.177175e+01 5.056307e+00 3.540544e+00 3.894548e+00 3.518229e+00 4.451031e+00 4.191397e+00 4.469999e+00 4.512557e+00 4.434333e+00 4.021094e+00 4.217596e+00 2.378241e+00 6.489954e+00
<GConst> 1.086458e+02
<TransP> 5
 0.000000e+00 1.000000e+00 0.000000e+00 0.000000e+00 0.000000e+00
 0.000000e+00 5.816146e-01 4.183854e-01 0.000000e+00 0.000000e+00
 0.000000e+00 0.000000e+00 7.123375e-01 2.876625e-01 0.000000e+00
 0.000000e+00 0.000000e+00 0.000000e+00 6.516374e-01 3.483626e-01
 0.000000e+00 0.000000e+00 0.000000e+00 0.000000e+00 0.000000e+00
<EndHMM>
~h "t"
<BeginHMM>
<NumStates> 5
<State> 2
<Mean> 25
 -3.690456e+00 4.221699e+00 2.238869e+00 5.992910e+00 6.270830e+00 9.644570e-01 1.426791e+00 1.228469e+00 1.004828e+00 2.290025e+00 2.266178e+00 1.300550e+00 -1.996579e+00 -2.202664e+00 -1.596970e+00 -1.696194e+00 -5.854056e-01 -3.454552e-01 2.574693e-02 4.919184e-01 5.243257e-01 3.844380e-01 7.526339e-01 6.679597e-01 -5.588797e-02
<Variance> 25
 3.070808e+01 3.197290e+01 4.241370e+01 3.230408e+01 3.856563e+01 3.815865e+01 3.415782e+01 3.427416e+01 3.946852e+01 3.710469e+01 3.491091e+01 2.356595e+01 3.632388e+00 3.249829e+00 3.501125e+00 3.557037e+00 3.907373e+00 4.154664e+00 3.322962e+00 3.406320e+00 3.580311e+00 3.151899e+00 3.203372e+00 2.224695e+00 1.148092e+01
<GConst> 1.054524e+02
<State> 3
<Mean> 25
 -8.937808e+00 -2.419758e+00 -3.120772e+00 -8.227792e-01 3.522288e+00 -7.385486e-01 2.010710e+00 2.121079e+00 7.466062e-01 9.048967e-01 2.161524e+00 2.427534e+00 1.393638e+00 -5.816995e-01 -2.132595e-01 -1.177975e+00 -1.553666e+00 -1.025006e+00 -1.054312e-01 -1.329101e-02 1.530495e-01 -7.573689e-01 -9.985780e-01 -3.770769e-01 5.960021e+00
<Variance> 25
 1.380791e+01 2.299804e+01 2.466104e+01 2.630177e+01 2.441078e+01 3.057368e+01 3.220270e+01 2.619017e+01 2.516002e+01 2.299620e+01 3.829705e+01 1.745577e+01 4.982422e+00 3.422898e+00 4.482626e+00 3.382537e+00 4.627460e+00 4.501545e+00 4.437425e+00 4.287942e+00 4.919979e+00 4.245011e+00 3.914637e+00 2.760061e+00 4.214430e+00
<GConst> 1.027958e+02
<State> 4
<Mean> 25
 1.154743e+00 8.965004e-01 -1.142144e+00 -4.255448e-01 -1.625164e+00 -5.033458e+00 -5.936084e-01 1.346437e+00 2.856383e+00 4.164819e-01 -1.262061e+00 5.776485e-01 3.705076e+00 7.820681e-02 4.756770e-01 -3.521435e-01 -2.444337e+00 -5.318667e-01 -1.118142e+00 -6.972207e-01 8.111052e-01 2.608279e-01 -6.094910e-01 -7.894817e-01 3.113076e+00
<Variance> 25
 2.983720e+01 1.845222e+01 3.029756e+01 2.859970e+01 3.896381e+01 3.821484e+01 4.977683e+01 3.419514e+01 3.431423e+01 3.232424e+01 3.540634e+01 1.960058e+01 1.890296e+00 4.877533e+00 6.931782e+00 4.298639e+00 5.045299e+00 5.204383e+00 5.226442e+00 6.873333e+00 5.888896e+00 5.735447e+00 8.453540e+00 3.419926e+00 3.975814e+00
<GConst> 1.080509e+02
<TransP> 5
 0.000000e+00 1.000000e+00 0.000000e+00 0.000000e+00 0.000000e+00
 0.000000e+00 5.970533e-01 4.029466e-01 0.000000e+00 0.000000e+00
 0.000000e+00 0.000000e+00 5.475011e-01 4.524989e-01 0.000000e+00
 0.000000e+00 0.000000e+00 0.000000e+00 3.910158e-01 6.089842e-01
 0.000000e+00 0.000000e+00 0.000000e+00 0.000000e+00 0.000000e+00
<EndHMM>
~h "u"
<BeginHMM>
<NumStates> 5
<State> 2
<Mean> 25
 8.959274e+00 5.638344e+00 -2.948741e+00 -4.604360e+00 -1.902258e+00 4.370205e+00 -5.206302e+00 -7.024787e+00 -3.364356e+00 -1.067886e+00 2.137958e+00 -1.082637e+00 1.972645e+00 1.277460e+00 -4.440321e-01 -1.920226e+00 -1.843324e+00 1.366103e+00 -1.335241e-01 -1.085168e+00 -1.643536e+00 -7.248081e-01 5.650991e-01 3.758113e-02 5.004206e-01
<Variance> 25
 1.508706e+01 3.425034e+01 2.871325e+01 5.415522e+01 4.618187e+01 4.588316e+01 7.125718e+01 6.440122e+01 4.543069e+01 5.672826e+01 4.225140e+01 3.247148e+01 3.981215e+00 3.552214e+00 3.971655e+00 4.544039e+00 5.544446e+00 4.932442e+00 6.064540e+00 7.147474e+00 5.908579e+00 6.118506e+00 5.562359e+00 3.576444e+00 3.561686e+00
<GConst> 1.111806e+02
<State> 3
<Mean> 25
 1.038725e+01 7.199930e+00 -3.608850e+00 -8.566114e+00 -6.055839e+00 6.668174e+00 -3.286447e+00 -5.311814e+00 -6.420029e+00 -4.972779e+00 1.180772e+00 -2.329735e+00 -1.161093e-02 -4.126039e-01 1.397021e-01 7.049593e-01 1.345654e-01 1.860933e-01 -3.056587e-02 -7.587990e-01 -2.738520e-01 1.319728e-01 -6.309694e-02 -8.278667e-02 1.270929e-01
<Variance> 25
 9.650524e+00 2.992044e+01 3.009850e+01 4.954378e+01 5.031145e+01 4.657695e+01 5.792229e+01 5.882367e+01 5.081592e+01 6.589024e+01 5.004810e+01 4.504495e+01 5.587897e-01 2.339915e+00 1.886221e+00 3.778722e+00 3.806962e+00 2.988018e+00 4.223825e+00 5.512621e+00 4.371211e+00 4.395832e+00 3.948353e+00 3.176811e+00 1.483952e+00
<GConst> 1.043405e+02
<State> 4
<Mean> 25
 8.972011e+00 4.368046e+00 -1.632688e+00 -9.890074e-01 -8.669659e-02 4.670712e+00 -5.444273e+00 -9.674390e+00 -4.061092e+00 -7.278636e-01 8.747720e-01 -1.528710e+00 -1.097007e+00 -2.765072e-01 1.523454e+00 2.633923e+00 1.888442e+00 -1.351717e+00 1.677650e-01 4.459154e-01 1.173091e+00 5.092119e-01 -1.408800e+00 -3.618519e-01 -1.095807e+00
<Variance> 25
 1.286823e+01 3.381900e+01 3.721088e+01 4.912310e+01 5.794894e+01 5.282827e+01 8.107306e+01 6.083273e+01 5.078130e+01 5.515009e+01 5.414563e+01 3.675634e+01 2.068476e+00 3.317683e+00 3.430026e+00 4.185363e+00 5.867361e+00 5.240688e+00 7.420421e+00 6.909313e+00 5.760204e+00 6.580252e+00 5.102065e+00 3.643120e+00 3.529131e+00
<GConst> 1.113691e+02
<TransP> 5
 0.000000e+00 1.000000e+00 0.000000e+00 0.000000e+00 0.000000e+00
 0.000000e+00 4.336180e-01 5.663820e-01 0.000000e+00 0.000000e+00
 0.000000e+00 0.000000e+00 6.586645e-01 3.413355e-01 0.000000e+00
 0.000000e+00 0.000000e+00 0.000000e+00 5.016704e-01 4.983296e-01
 0.000000e+00 0.000000e+00 0.000000e+00 0.000000e+00 0.000000e+00
<EndHMM>
~h "w"
<BeginHMM>
<NumStates> 5
<State> 2
<Mean> 25
 1.120566e+01 6.771118e+00 -5.079185e+00 -1.124497e+01 -4.550763e+00 7.054744e+00 -1.734316e+00 -1.205290e+00 -4.518805e+00 -2.929397e+00 2.843533e+00 -2.182516e-01 1.050432e+00 3.518631e-02 -3.436902e-01 -1.442612e+00 -8.466306e-01 1.345926e+00 -3.905442e-01 -1.091343e+00 -1.212905e+00 -1.443837e-02 1.293267e+00 5.715159e-01 1.011364e+00
<Variance> 25
 1.128922e+01 3.132478e+01 2.900811e+01 5.653288e+01 5.232148e+01 4.212485e+01 3.972287e+01 4.356186e+01 4.482289e+01 6.433861e+01 3.917766e+01 3.095320e+01 2.476145e+00 4.458548e+00 3.620494e+00 5.279813e+00 4.355880e+00 4.503862e+00 4.812705e+00 5.724128e+00 4.204533e+00 6.290505e+00 6.442842e+00 3.411162e+00 3.906766e+00
<GConst> 1.088116e+02
<State> 3
<Mean> 25
 1.055714e+01 1.866465e+00 -7.647361e+00 -1.226155e+01 -2.677480e+00 9.175380e+00 -4.385337e+00 -5.779155e+00 -5.747333e+00 2.510637e+00 7.215676e+00 2.152482e-01 -5.289170e-01 -2.183631e+00 -3.984066e-01 1.146479e+00 1.184193e+00 -9.362972e-01 -2.058653e+00 -6.694038e-01 1.874997e+00 2.385733e+00 -2.022473e-01 -1.738426e+00 1.336491e+00
<Variance> 25
 1.111939e+01 2.546309e+01 3.073546e+01 4.896560e+01 4.301851e+01 4.129704e+01 4.996313e+01 3.404383e+01 4.646692e+01 7.731092e+01 6.899231e+01 3.275661e+01 8.583286e-01 2.814912e+00 2.319223e+00 5.330573e+00 3.679655e+00 4.296130e+00 5.086726e+00 4.219652e+00 4.793991e+00 5.418643e+00 5.805143e+00 3.010396e+00 2.293833e+00
<GConst> 1.059124e+02
<State> 4
<Mean> 25
 8.683764e+00 -2.921828e+00 -6.697525e+00 -6.487860e+00 -4.548237e-01 1.734716e+00 -9.548623e+00 -2.383930e+00 2.012873e+00 5.345334e+00 -5.163122e-01 -5.233691e+00 -9.250917e-01 -1.386318e+00 1.440261e+00 2.342736e+00 -4.809934e-01 -2.614810e+00 1.088813e-02 1.849669e+00 1.904228e+00 -1.261369e+00 -2.189656e+00 -4.319873e-01 3.515810e-01
<Variance> 25
 1.120317e+01 3.280484e+01 3.743261e+01 4.310139e+01 4.590761e+01 6.456926e+01 6.105458e+01 4.881787e+01 4.319868e+01 6.535078e+01 9.260484e+01 3.414853e+01 7.771363e-01 2.076580e+00 2.709466e+00 4.088342e+00 6.124921e+00 4.584830e+00 5.881684e+00 4.496484e+00 5.759564e+00 7.662275e+00 3.970868e+00 4.209713e+00 1.946858e+00
<GConst> 1.080022e+02
<TransP> 5
 0.000000e+00 1.000000e+00 0.000000e+00 0.000000e+00 0.000000e+00
 0.000000e+00 6.130735e-01 3.869264e-01 0.000000e+00 0.000000e+00
 0.000000e+00 0.000000e+00 4.606200e-01 5.393799e-01 0.000000e+00
 0.000000e+00 0.000000e+00 0.000000e+00 4.741471e-01 5.258529e-01
 0.000000e+00 0.000000e+00 0.000000e+00 0.000000e+00 0.000000e+00
<EndHMM>
~h "x"
<BeginHMM>
<NumStates> 5
<State> 2
<Mean> 25
 -5.169899e+00 2.741186e-02 -2.224190e+00 1.311210e+00 1.392459e+01 5.781260e+00 2.714484e+00 4.257448e+00 2.264900e+00 1.651292e+00 4.303886e-01 1.182272e+00 -3.091386e+00 -1.227258e+00 -1.255221e+00 4.749395e-01 2.424367e+00 4.825568e-01 3.731507e-02 1.265856e+00 9.406882e-01 1.130240e+00 6.861578e-01 5.136681e-01 -9.021884e-01
<Variance> 25
 2.951602e+01 3.848053e+01 7.283874e+01 7.258334e+01 6.746400e+01 5.950076e+01 4.669405e+01 4.636575e+01 4.440310e+01 4.216172e+01 3.510052e+01 2.895770e+01 3.005380e+00 3.556693e+00 5.315943e+00 5.623854e+00 7.291018e+00 5.683222e+00 5.319111e+00 5.750460e+00 4.443815e+00 4.753123e+00 4.089122e+00 3.208472e+00 1.729697e+00
<GConst> 1.110757e+02
<State> 3
<Mean> 25
 -1.023173e+01 -2.963710e+00 -5.279894e+00 -4.585535e-01 1.043976e+01 3.218649e+00 2.694546e+00 5.261570e+00 2.886326e+00 1.996725e+00 1.369065e+00 1.149676e+00 1.295454e-01 1.724109e-01 -1.093762e-01 -5.646344e-01 -1.060756e+00 -3.956962e-01 4.174065e-02 -4.300832e-01 -3.471296e-01 -3.402588e-01 -1.998104e-01 -9.471258e-02 -1.308192e-01
<Variance> 25
 2.592432e+01 3.899318e+01 7.110458e+01 9.770831e+01 7.031578e+01 5.489799e+01 4.202411e+01 4.992352e+01 3.726130e+01 3.569953e+01 3.283619e+01 3.116809e+01 2.072382e+00 2.054397e+00 2.725966e+00 2.885004e+00 2.987527e+00 3.163363e+00 2.989848e+00 3.236632e+00 2.952029e+00 2.835296e+00 2.423297e+00 2.206964e+00 8.941048e-01
<GConst> 1.034592e+02
<State> 4
<Mean> 25
 -2.618652e+00 1.785455e-01 -2.083130e+00 -1.824382e+00 3.666808e+00 2.127347e-01 3.087671e+00 1.379708e+00 5.237331e-01 -4.340510e-01 -6.428560e-01 8.363836e-01 3.780889e+00 7.443348e-01 1.468976e+00 -7.790873e-01 -3.935216e+00 -1.028019e+00 -3.781740e-01 -1.284967e+00 -1.045709e+00 -7.151632e-01 -2.268840e-01 -4.457408e-01 1.701058e+00
<Variance> 25
 5.468386e+01 4.021415e+01 6.608743e+01 5.890432e+01 8.342725e+01 6.338164e+01 3.721958e+01 4.419032e+01 3.674883e+01 3.344338e+01 3.080747e+01 2.224636e+01 1.952973e+00 4.526741e+00 5.009679e+00 5.312706e+00 4.093439e+00 4.270206e+00 4.306277e+00 5.895949e+00 4.435740e+00 4.981782e+00 4.832659e+00 2.856992e+00 1.379948e+00
<GConst> 1.091309e+02
<TransP> 5
 0.000000e+00 1.000000e+00 0.000000e+00 0.000000e+00 0.000000e+00
 0.000000e+00 6.521193e-01 3.478807e-01 0.000000e+00 0.000000e+00
 0.000000e+00 0.000000e+00 7.725134e-01 2.274866e-01 0.000000e+00
 0.000000e+00 0.000000e+00 0.000000e+00 6.567261e-01 3.432739e-01
 0.000000e+00 0.000000e+00 0.000000e+00 0.000000e+00 0.000000e+00
<EndHMM>
~h "dx"
<BeginHMM>
<NumStates> 5
<State> 2
<Mean> 25
 5.948164e+00 -2.012825e+00 3.617512e-01 4.712660e+00 -5.134092e-01 -2.775078e+00 -3.081589e+00 7.707265e-01 2.907783e+00 8.462069e-01 -7.551668e-01 -8.712123e-01 1.103173e-01 1.067418e-01 9.400843e-01 5.877373e-01 3.475509e-01 -4.369974e-01 -3.421478e-01 -9.152456e-02 -3.176289e-03 -1.869591e-01 -1.571399e-02 1.112713e-01 -4.974789e-01
<Variance> 25
 2.181677e+01 2.692062e+01 4.965010e+01 3.196090e+01 6.198773e+01 4.172947e+01 4.661085e+01 4.716092e+01 3.954674e+01 4.036975e+01 3.297383e+01 2.603913e+01 3.678502e+00 3.357377e+00 3.929282e+00 2.933804e+00 6.205048e+00 4.114028e+00 4.050289e+00 4.589393e+00 4.119385e+00 4.289068e+00 3.810682e+00 2.791740e+00 2.256711e+00
<GConst> 1.065473e+02
<State> 3
<Mean> 25
 5.319673e+00 -2.983711e+00 9.372057e-01 3.639560e+00 -1.559826e+00 -3.689548e+00 -3.565047e+00 5.927717e-01 2.524047e+00 3.393370e-01 -6.377838e-01 -4.613945e-01 -1.289692e-01 -2.509066e-01 3.592163e-01 -5.731002e-01 -6.643060e-01 -1.041199e-01 5.119222e-02 2.746861e-02 -1.974266e-01 -1.356022e-01 7.629269e-02 1.602432e-01 4.052260e-01
<Variance> 25
 2.045905e+01 2.658813e+01 5.001159e+01 3.151024e+01 5.534634e+01 4.233597e+01 4.571236e+01 4.779109e+01 4.033842e+01 4.337540e+01 3.475790e+01 2.564859e+01 2.839118e+00 3.472198e+00 4.095068e+00 2.943767e+00 5.469394e+00 3.576977e+00 3.990535e+00 4.672308e+00 4.324377e+00 4.061646e+00 3.498288e+00 2.638357e+00 2.292595e+00
<GConst> 1.059119e+02
<State> 4
<Mean> 25
 6.154153e+00 -3.734380e+00 7.278362e-02 1.794411e+00 -4.233690e+00 -3.592533e+00 -3.464919e+00 1.454017e+00 2.855279e+00 1.047231e+00 -5.943073e-01 -3.277482e-01 -1.672097e-01 1.718871e-02 -1.862977e-01 -1.039050e+00 -6.124161e-01 4.118256e-01 5.040330e-01 1.071140e-02 -3.582827e-01 1.959614e-01 -6.922942e-03 -1.185755e-02 3.350344e-01
<Variance> 25
 2.214651e+01 3.284274e+01 5.921061e+01 3.250027e+01 6.079178e+01 4.505499e+01 5.772007e+01 5.626477e+01 4.992738e+01 5.332833e+01 4.420507e+01 3.190635e+01 3.241273e+00 3.869384e+00 4.686966e+00 4.560820e+00 7.956184e+00 4.583307e+00 5.070436e+00 5.749994e+00 5.373258e+00 5.513121e+00 5.124728e+00 3.308108e+00 5.536795e+00
<GConst> 1.117292e+02
<TransP> 5
 0.000000e+00 1.000000e+00 0.000000e+00 0.000000e+00 0.000000e+00
 0.000000e+00 1.586469e-01 8.413531e-01 0.000000e+00 0.000000e+00
 0.000000e+00 0.000000e+00 9.510292e-02 9.048971e-01 0.000000e+00
 0.000000e+00 0.000000e+00 0.000000e+00 2.443844e-01 7.556156e-01
 0.000000e+00 0.000000e+00 0.000000e+00 0.000000e+00 0.000000e+00
<EndHMM>
~h "fp"
<BeginHMM>
<NumStates> 5
<State> 2
<Mean> 25
 2.240957e+00 -2.947041e+00 5.298359e+00 -3.101433e+00 -1.159791e+01 -4.926066e+00 -7.153656e-01 1.153879e-01 -1.615265e+00 1.531220e+00 -5.124658e-03 4.115896e-01 9.897418e-02 -1.083600e-01 1.841151e-01 -1.651637e-01 -1.622411e-01 -4.230117e-02 4.300152e-02 7.466897e-02 -1.245417e-01 2.253177e-02 -2.742849e-02 5.151866e-02 3.280146e-02
<Variance> 25
 1.062635e+01 2.393208e+01 3.742899e+01 3.894263e+01 4.207176e+01 4.888705e+01 4.365360e+01 5.216464e+01 4.299909e+01 5.942843e+01 4.398895e+01 2.648120e+01 8.717116e-01 1.543546e+00 2.009393e+00 2.232098e+00 2.915137e+00 2.378620e+00 2.814747e+00 2.659365e+00 2.557374e+00 2.626529e+00 2.130943e+00 1.722877e+00 1.214022e+00
<GConst> 9.818201e+01
<State> 3
<Mean> 25
 3.627248e+00 -2.220436e+00 5.042608e+00 -3.660092e-01 -8.896392e+00 -5.202457e+00 -1.503880e+00 8.902301e-01 -1.521739e+00 7.248281e-01 -2.320406e-01 8.130426e-01 1.946034e-01 1.082653e+00 2.172701e-01 1.061953e+00 1.891663e+00 5.705202e-02 -1.957804e-02 -4.475736e-01 2.191237e-02 -3.876323e-01 -2.040189e-01 1.776095e-02 -1.867889e+00
<Variance> 25
 1.093980e+01 2.724065e+01 3.983645e+01 3.517656e+01 4.418499e+01 4.721638e+01 4.857442e+01 4.820003e+01 4.666919e+01 5.078135e+01 3.969267e+01 2.574868e+01 1.746493e+00 2.129078e+00 2.576860e+00 2.471757e+00 3.325300e+00 3.456285e+00 4.162255e+00 4.012488e+00 3.605190e+00 3.815033e+00 3.045631e+00 2.578093e+00 2.395545e+00
<GConst> 1.029687e+02
<State> 4
<Mean> 25
 2.131726e+00 1.036754e+00 4.140725e+00 1.715030e+00 -3.308628e+00 -4.586724e+00 -8.454771e-01 -2.253345e-01 -1.079889e+00 -2.342084e-01 -4.174529e-01 4.851554e-01 -6.474293e-01 1.076422e+00 -7.415224e-02 5.536984e-01 1.757586e+00 3.773285e-01 1.866683e-01 -4.020680e-01 1.884095e-02 -8.863166e-02 1.405125e-02 -4.986112e-02 -1.260484e+00
<Variance> 25
 4.128199e+01 3.664208e+01 4.406059e+01 3.383928e+01 5.013905e+01 4.915705e+01 5.141675e+01 5.032069e+01 4.702813e+01 4.000126e+01 3.707613e+01 2.628908e+01 5.440012e+00 4.385148e+00 3.491917e+00 3.204393e+00 5.552065e+00 4.108667e+00 4.622239e+00 6.196129e+00 4.332491e+00 4.135835e+00 4.028057e+00 2.945467e+00 3.628662e+00
<GConst> 1.093830e+02
<TransP> 5
 0.000000e+00 1.000000e+00 0.000000e+00 0.000000e+00 0.000000e+00
 0.000000e+00 6.183882e-01 3.816118e-01 0.000000e+00 0.000000e+00
 0.000000e+00 0.000000e+00 4.112163e-01 5.887837e-01 0.000000e+00
 0.000000e+00 0.000000e+00 0.000000e+00 3.547328e-01 6.452672e-01
 0.000000e+00 0.000000e+00 0.000000e+00 0.000000e+00 0.000000e+00
<EndHMM>
~h "noise"
<BeginHMM>
<NumStates> 5
<State> 2
<Mean> 25
 2.807395e-01 1.474263e-01 6.953185e-01 2.024702e-01 1.629292e-01 -7.317472e-02 -8.118668e-02 -2.426113e-01 -1.092038e-01 -6.257833e-01 -8.582534e-01 -1.554553e-01 -1.712661e-01 -2.292384e-01 -1.485993e-01 -6.776345e-02 5.353101e-02 5.501343e-02 1.019161e-01 1.733762e-01 1.667868e-01 4.093227e-02 7.227267e-02 7.168749e-02 1.625487e-01
<Variance> 25
 6.057380e+01 4.635712e+01 6.032808e+01 6.139095e+01 8.526501e+01 6.565527e+01 6.191894e+01 5.724211e+01 5.460595e+01 5.114474e+01 4.658865e+01 3.906421e+01 5.367339e+00 4.091873e+00 4.506637e+00 5.720000e+00 7.344190e+00 6.193740e+00 5.938200e+00 5.709569e+00 5.341121e+00 4.907612e+00 4.376925e+00 3.483678e+00 8.357631e+00
<GConst> 1.161426e+02
<State> 3
<Mean> 25
 -5.935339e+00 -4.824658e+00 -1.936915e+00 6.144067e-01 1.297478e+00 6.812032e-01 3.318014e+00 3.799116e+00 2.136591e+00 1.385204e-01 2.284827e+00 3.054869e+00 -4.025672e-02 1.899956e-02 1.090330e-02 7.126060e-03 -1.078425e-03 2.249643e-02 2.866205e-02 2.462680e-02 6.846793e-03 2.501966e-02 2.784657e-02 2.338503e-02 -3.338369e-02
<Variance> 25
 2.883747e+01 2.488883e+01 2.155115e+01 2.579969e+01 3.252287e+01 3.430141e+01 2.931656e+01 2.954665e+01 3.251694e+01 3.364789e+01 2.713454e+01 2.337476e+01 9.647620e-01 1.174191e+00 1.130043e+00 1.306678e+00 1.691053e+00 1.900383e+00 1.858102e+00 2.050581e+00 2.071916e+00 2.236214e+00 1.886817e+00 1.790248e+00 1.533059e+00
<GConst> 9.227253e+01
<State> 4
<Mean> 25
 -1.936817e-01 1.636367e-01 1.943444e-01 3.846923e-01 4.419009e-01 3.949106e-01 1.374265e-01 3.662388e-01 5.822751e-02 8.760945e-02 3.797397e-01 2.213395e-02 4.471203e-03 5.483059e-03 3.168369e-03 1.530330e-03 -1.388274e-03 -2.960610e-03 -4.817908e-03 -5.729194e-03 -3.832867e-03 -1.503168e-03 -2.309530e-03 -2.579584e-03 -1.660670e-03
<Variance> 25
 5.540400e+01 2.745567e+01 3.421735e+01 3.861478e+01 5.895769e+01 5.827910e+01 5.287592e+01 4.141915e+01 4.218786e+01 3.771463e+01 3.842628e+01 2.829756e+01 2.113431e+00 1.480271e+00 1.763924e+00 2.237121e+00 3.243348e+00 3.208064e+00 2.951044e+00 2.730482e+00 2.654402e+00 2.355454e+00 2.333094e+00 1.939520e+00 2.092989e+00
<GConst> 1.016813e+02
<TransP> 5
 0.000000e+00 1.000000e+00 0.000000e+00 0.000000e+00 0.000000e+00
 0.000000e+00 8.156859e-01 1.843141e-01 0.000000e+00 0.000000e+00
 0.000000e+00 0.000000e+00 9.166008e-01 8.339918e-02 0.000000e+00
 0.000000e+00 0.000000e+00 0.000000e+00 9.944005e-01 5.599470e-03
 0.000000e+00 0.000000e+00 0.000000e+00 0.000000e+00 0.000000e+00
<EndHMM>
~h "jj"
<BeginHMM>
<NumStates> 5
<State> 2
<Mean> 25
 9.606746e+00 7.068354e+00 2.129697e+00 2.784701e+00 -1.831387e+00 -6.946293e-01 -1.346723e+00 -5.855844e+00 -8.446327e+00 -1.895751e+00 -7.710555e-01 -2.843262e+00 5.712161e-01 1.398988e+00 -1.010915e-01 4.495206e-01 1.407096e+00 2.838445e-01 -8.599669e-01 -1.357108e+00 -5.127280e-01 4.525189e-01 -9.025049e-02 -4.131390e-01 -1.121498e+00
<Variance> 25
 1.511417e+01 1.374835e+01 1.837275e+01 4.403857e+01 3.875012e+01 3.752301e+01 3.240622e+01 3.872593e+01 4.233723e+01 4.042544e+01 3.798534e+01 4.117453e+01 2.198231e+00 2.108923e+00 1.519793e+00 3.665977e+00 2.969906e+00 3.438886e+00 3.687540e+00 4.871764e+00 3.297070e+00 2.804080e+00 2.353454e+00 1.960815e+00 1.994153e+00
<GConst> 1.001037e+02
<State> 3
<Mean> 25
 4.785823e+00 8.942648e+00 7.214512e+00 -4.795662e+00 -2.920128e+00 4.479250e+00 -4.944945e+00 -5.796718e+00 -6.875592e+00 -5.076419e-01 -1.148409e+00 -3.030434e+00 -1.451578e+00 -7.929632e-01 2.018989e+00 -2.381704e+00 -2.567739e+00 1.514962e+00 -4.865550e-02 6.036327e-01 4.482338e-01 4.496411e-01 2.791262e-01 -1.126461e-01 1.396703e+00
<Variance> 25
 1.398189e+01 1.754819e+01 3.416302e+01 7.337122e+01 3.996803e+01 4.703806e+01 3.892124e+01 3.394706e+01 3.800996e+01 4.635930e+01 3.221368e+01 4.546754e+01 8.935060e-01 1.961803e+00 2.037598e+00 3.644603e+00 3.656355e+00 4.047878e+00 4.218254e+00 2.978724e+00 2.534930e+00 2.798270e+00 3.009634e+00 1.857461e+00 5.471588e-01
<GConst> 9.963440e+01
<State> 4
<Mean> 25
 3.421703e+00 -2.240315e-01 7.650788e+00 -3.599843e+00 -1.150747e+01 1.807805e+00 6.987963e-01 2.296066e+00 -4.710461e+00 -2.641433e+00 3.955641e-01 -1.445625e+00 4.231954e-01 -1.993232e+00 -1.945590e+00 1.106399e+00 5.168821e-01 -1.525560e+00 2.567375e-01 1.994967e+00 1.279017e+00 -9.933696e-01 -5.029281e-01 2.368537e-01 6.323031e-01
<Variance> 25
 8.434889e+00 2.827386e+01 3.383808e+01 4.467944e+01 2.656747e+01 5.384087e+01 4.162221e+01 5.114601e+01 4.156630e+01 4.228399e+01 3.500637e+01 3.604948e+01 3.781973e-01 1.186375e+00 2.288707e+00 2.461595e+00 6.107596e+00 3.010420e+00 4.699996e+00 3.228232e+00 3.866598e+00 3.560575e+00 2.830700e+00 2.361973e+00 5.448764e-01
<GConst> 9.875710e+01
<TransP> 5
 0.000000e+00 1.000000e+00 0.000000e+00 0.000000e+00 0.000000e+00
 0.000000e+00 7.382389e-01 2.617612e-01 0.000000e+00 0.000000e+00
 0.000000e+00 0.000000e+00 7.279936e-01 2.720063e-01 0.000000e+00
 0.000000e+00 0.000000e+00 0.000000e+00 7.475265e-01 2.524735e-01
 0.000000e+00 0.000000e+00 0.000000e+00 0.000000e+00 0.000000e+00
<EndHMM>
~h "laugh"
<BeginHMM>
<NumStates> 5
<State> 2
<Mean> 25
 1.308898e-01 4.407695e+00 6.164397e+00 6.873693e+00 7.475672e+00 4.561427e+00 4.186729e+00 4.201140e+00 1.741775e+00 1.273039e+00 9.617083e-01 1.557271e+00 -1.619423e-02 1.043634e-02 -3.279839e-02 5.478944e-03 1.722939e-02 1.546016e-02 3.575483e-02 6.282187e-02 6.958365e-02 7.696594e-02 6.463683e-02 4.477917e-02 -2.016013e-01
<Variance> 25
 2.126154e+01 2.176566e+01 2.308778e+01 1.991090e+01 3.025919e+01 2.574180e+01 2.606204e+01 2.808623e+01 2.837764e+01 3.427613e+01 2.385568e+01 2.036270e+01 5.060064e-01 6.810029e-01 8.187946e-01 1.032827e+00 1.389741e+00 1.594536e+00 1.682364e+00 1.682619e+00 1.729305e+00 1.762614e+00 1.596402e+00 1.414849e+00 1.123005e+00
<GConst> 8.718272e+01
<State> 3
<Mean> 25
 1.086255e+00 -3.444057e+00 -3.643520e+00 -3.258229e-01 -8.367449e-01 -3.860886e+00 -1.409535e+00 -1.715146e+00 1.360691e+00 -8.020979e-01 -2.063041e+00 -1.300302e+00 2.222299e-04 -5.159181e-02 -3.214992e-02 -2.652035e-02 -1.614371e-02 -2.575523e-04 1.191752e-03 1.708912e-02 4.146176e-02 6.320528e-04 -1.589914e-02 -7.865106e-03 -2.520481e-02
<Variance> 25
 4.315716e+01 4.429416e+01 5.611147e+01 6.371170e+01 9.073957e+01 9.802730e+01 7.625025e+01 8.956502e+01 7.786357e+01 7.703717e+01 6.634733e+01 5.945661e+01 2.931134e+00 3.264597e+00 3.671888e+00 4.657755e+00 7.194716e+00 7.198976e+00 5.487810e+00 6.689366e+00 5.825801e+00 5.753626e+00 5.224271e+00 4.362719e+00 6.939075e+00
<GConst> 1.178098e+02
<State> 4
<Mean> 25
 -3.438959e+00 -4.581628e+00 -2.404894e+00 2.605282e+00 5.370144e+00 2.135802e+00 2.705307e+00 5.378086e+00 6.070327e+00 3.298659e+00 9.674025e-01 2.855415e+00 -8.214511e-02 1.378426e-02 -5.454756e-02 -6.563910e-02 -6.723020e-02 -2.995613e-02 8.164489e-03 -2.072649e-02 -2.503311e-02 7.587002e-02 8.176615e-02 6.651142e-02 -2.831582e-01
<Variance> 25
 2.533042e+01 3.098257e+01 3.000614e+01 3.095626e+01 4.019671e+01 4.613441e+01 3.844774e+01 4.234581e+01 4.203744e+01 4.513235e+01 3.812264e+01 3.876007e+01 7.933049e-01 1.215401e+00 1.219859e+00 1.472366e+00 1.921122e+00 2.026465e+00 2.090768e+00 2.203301e+00 2.328192e+00 2.387842e+00 2.301816e+00 2.050672e+00 1.685724e+00
<GConst> 9.643859e+01
<TransP> 5
 0.000000e+00 1.000000e+00 0.000000e+00 0.000000e+00 0.000000e+00
 0.000000e+00 9.357172e-01 6.428280e-02 0.000000e+00 0.000000e+00
 0.000000e+00 0.000000e+00 9.691849e-01 3.081512e-02 0.000000e+00
 0.000000e+00 0.000000e+00 0.000000e+00 9.494476e-01 5.055247e-02
 0.000000e+00 0.000000e+00 0.000000e+00 0.000000e+00 0.000000e+00
<EndHMM>
~h "ll"
<BeginHMM>
<NumStates> 5
<State> 2
<Mean> 25
 3.841675e-01 9.590757e+00 1.306635e+01 2.632970e+00 -2.341059e+00 1.184586e+00 -2.859636e+00 -4.616885e+00 -5.943120e+00 -2.901706e+00 -3.097755e+00 -6.283621e-01 -7.279021e-01 9.795381e-01 2.175199e-01 1.088286e+00 2.085433e+00 5.528854e-01 5.730162e-01 3.757356e-01 8.726535e-02 -2.573536e-01 -3.952585e-02 -1.237875e-01 -1.608157e+00
<Variance> 25
 2.057694e+01 3.051732e+01 3.024723e+01 3.754870e+01 3.978031e+01 3.032884e+01 3.850107e+01 3.598731e+01 3.708984e+01 4.031318e+01 2.562489e+01 3.399836e+01 1.726353e+00 2.348064e+00 2.557637e+00 2.761277e+00 3.554914e+00 2.678981e+00 2.818475e+00 2.554487e+00 2.806067e+00 2.473629e+00 2.248757e+00 1.738448e+00 3.544872e+00
<GConst> 9.998220e+01
<State> 3
<Mean> 25
 -3.861148e+00 8.371805e+00 1.098169e+01 1.556882e+00 -8.269590e-01 -2.808879e-01 -2.066471e+00 -4.426707e+00 -4.263270e+00 -2.638334e+00 -1.017918e+00 1.694903e-01 3.443717e-01 -1.505581e+00 2.189350e-01 -1.458452e+00 -2.991006e+00 -1.007095e+00 -9.720557e-01 -1.703768e-01 1.582312e-01 4.304597e-01 8.405228e-01 5.657323e-01 2.560693e+00
<Variance> 25
 2.245184e+01 2.194422e+01 4.627706e+01 2.965700e+01 6.462415e+01 2.594597e+01 3.535968e+01 2.633517e+01 3.059236e+01 3.672716e+01 2.134201e+01 2.673196e+01 5.486042e+00 2.445772e+00 3.705084e+00 2.487290e+00 7.090361e+00 2.744866e+00 2.655821e+00 2.819116e+00 3.014526e+00 3.665326e+00 2.655809e+00 1.455617e+00 1.570743e+00
<GConst> 1.010082e+02
<State> 4
<Mean> 25
 1.709823e+00 -6.546035e-01 8.829103e+00 -3.333944e+00 -1.344048e+01 -5.282594e+00 -4.669465e+00 1.577344e-01 -1.940650e+00 3.544306e-01 6.946388e-01 1.967268e+00 9.917448e-01 -1.969660e+00 -2.557297e+00 -6.276392e-01 -3.289970e-01 -8.569852e-01 6.320615e-01 1.665034e+00 1.697965e+00 3.472587e-01 -4.095597e-01 -3.627629e-01 1.001727e+00
<Variance> 25
 8.376782e+00 2.062506e+01 3.824566e+01 3.410544e+01 2.483362e+01 4.215068e+01 3.505204e+01 4.036827e+01 4.544159e+01 6.800397e+01 3.513008e+01 3.150353e+01 5.712242e-01 1.343402e+00 2.164549e+00 1.654072e+00 5.703039e+00 3.472247e+00 5.353144e+00 2.918013e+00 3.621779e+00 4.649812e+00 3.089113e+00 1.792691e+00 6.490269e-01
<GConst> 9.837404e+01
<TransP> 5
 0.000000e+00 1.000000e+00 0.000000e+00 0.000000e+00 0.000000e+00
 0.000000e+00 7.014430e-01 2.985570e-01 0.000000e+00 0.000000e+00
 0.000000e+00 0.000000e+00 7.181687e-01 2.818313e-01 0.000000e+00
 0.000000e+00 0.000000e+00 0.000000e+00 6.859839e-01 3.140161e-01
 0.000000e+00 0.000000e+00 0.000000e+00 0.000000e+00 0.000000e+00
<EndHMM>
~h "sp"
<BeginHMM>
<NumStates> 3
<State> 2
~s "silst"
<TransP> 3
 0.000000e+00 1.000000e+00 0.000000e+00
 0.000000e+00 9.000000e-01 9.999999e-02
 0.000000e+00 0.000000e+00 0.000000e+00
<EndHMM>
~h "ss"
<BeginHMM>
<NumStates> 5
<State> 2
<Mean> 25
 -1.048947e+01 1.128780e+01 4.240146e-01 -1.429497e+00 1.254327e+01 -3.977772e+00 -2.036305e+00 5.445028e+00 1.726754e-01 -2.863603e+00 -2.833377e+00 -2.237258e+00 -6.859949e+00 3.040268e+00 3.959681e-01 1.829214e+00 2.970199e+00 2.795275e+00 1.844650e+00 2.657103e+00 1.308248e+00 1.437081e+00 1.996846e+00 1.632510e+00 -1.585912e+00
<Variance> 25
 5.796329e+01 2.358337e+01 1.486933e+01 2.207221e+01 2.839026e+01 4.115487e+01 5.495769e+01 2.292507e+01 5.907668e+01 6.764304e+01 1.256913e+01 1.841961e+01 1.367338e+00 6.776036e+00 4.437989e+00 2.920881e+00 4.220777e+00 4.076513e+00 3.094261e+00 3.532468e+00 3.010370e+00 5.667577e+00 3.623614e+00 2.587579e+00 5.292094e-01
<GConst> 1.013646e+02
<State> 3
<Mean> 25
 -2.363139e+01 8.606928e+00 -4.604735e+00 -1.991890e+00 1.245065e+01 -2.110632e+00 1.874009e+00 9.019723e+00 3.921508e+00 2.131274e+00 -3.215098e-01 1.574158e+00 -2.475086e-01 -1.965414e+00 -5.143985e-01 -3.467018e-01 -1.590690e-01 -3.624406e-01 -4.916983e-01 7.407808e-02 2.062609e-01 -5.636512e-01 3.060709e-01 3.303186e-01 -5.951689e-01
<Variance> 25
 4.113304e+00 1.845404e+01 2.338169e+01 2.387384e+01 2.160929e+01 2.835120e+01 3.629030e+01 2.790350e+01 2.612420e+01 2.403250e+01 1.380702e+01 9.769232e+00 5.960764e+00 1.622616e+00 2.846288e+00 1.699108e+00 1.488831e+00 1.785145e+00 2.554217e+00 2.076485e+00 2.760587e+00 4.522472e+00 1.525102e+00 9.468412e-01 4.128872e-01
<GConst> 8.978457e+01
<State> 4
<Mean> 25
 -1.161884e+01 1.721499e+00 -3.877417e+00 1.820410e+00 1.363939e+01 -8.307152e-02 4.494667e-01 9.229606e+00 6.649732e+00 1.658310e+00 3.013372e+00 2.552114e+00 2.900425e+00 -2.122312e-02 -4.704880e-01 1.146558e+00 -4.684958e-01 6.107703e-01 1.023211e+00 -4.743698e-01 1.176907e+00 1.646557e+00 7.252721e-01 2.092756e-01 -4.287710e+00
<Variance> 25
 3.257515e+01 1.713887e+01 1.381948e+01 2.285263e+01 3.679968e+01 6.617866e+01 4.023478e+01 2.414508e+01 2.289174e+01 5.253197e+01 2.758173e+01 1.784227e+01 3.770673e+00 2.272888e+00 1.981819e+00 2.930212e+00 2.040861e+00 2.741458e+00 3.143227e+00 4.150639e+00 2.092986e+00 5.355810e+00 1.836150e+00 2.635626e+00 1.745466e+00
<GConst> 9.874293e+01
<TransP> 5
 0.000000e+00 1.000000e+00 0.000000e+00 0.000000e+00 0.000000e+00
 0.000000e+00 6.210809e-01 3.789191e-01 0.000000e+00 0.000000e+00
 0.000000e+00 0.000000e+00 7.500811e-01 2.499189e-01 0.000000e+00
 0.000000e+00 0.000000e+00 0.000000e+00 7.298137e-01 2.701863e-01
 0.000000e+00 0.000000e+00 0.000000e+00 0.000000e+00 0.000000e+00
<EndHMM>
~h "tt"
<BeginHMM>
<NumStates> 5
<State> 2
<Mean> 25
 -6.693977e+00 7.664771e+00 3.551516e+00 9.606502e+00 7.701406e+00 4.370021e+00 6.721040e+00 4.253497e+00 1.492322e+00 4.932464e-01 1.973290e+00 1.652684e+00 -3.318279e+00 -1.891637e-01 -3.428227e-01 6.478340e-01 1.252250e+00 1.234794e+00 1.299277e+00 1.629460e+00 1.126412e+00 1.148203e+00 9.242130e-01 1.101357e+00 -1.121563e+00
<Variance> 25
 2.593498e+01 2.193426e+01 3.352718e+01 2.181429e+01 2.556358e+01 2.929038e+01 2.459695e+01 2.671929e+01 2.465804e+01 2.625802e+01 2.974921e+01 1.706103e+01 4.290176e+00 3.718350e+00 4.764943e+00 3.647250e+00 4.870941e+00 3.999168e+00 3.587216e+00 3.924250e+00 3.797604e+00 3.663942e+00 3.800069e+00 2.514482e+00 1.919686e+00
<GConst> 1.014756e+02
<State> 3
<Mean> 25
 -1.315216e+01 2.958862e+00 -7.918707e-01 5.619493e+00 4.190137e+00 2.693080e+00 6.826427e+00 4.983320e+00 2.728407e+00 2.306443e+00 2.833982e+00 3.496112e+00 -2.755150e-01 -5.156683e-01 1.462800e-01 -6.579568e-01 -1.067569e+00 -6.598204e-01 3.821560e-02 -5.111989e-01 -2.410655e-01 -2.169604e-01 -1.350976e-01 -6.910007e-02 4.751816e-01
<Variance> 25
 1.591265e+01 2.304342e+01 3.352271e+01 2.913199e+01 2.700664e+01 3.497395e+01 2.428002e+01 2.407553e+01 2.284980e+01 2.060134e+01 4.006547e+01 1.522413e+01 3.686589e+00 1.765377e+00 3.333375e+00 2.253957e+00 2.403615e+00 2.701776e+00 2.472222e+00 2.484853e+00 2.494540e+00 2.352966e+00 1.999476e+00 1.698771e+00 1.783692e+00
<GConst> 9.567194e+01
<State> 4
<Mean> 25
 -6.624013e+00 4.488294e+00 4.274535e+00 5.063182e+00 -4.452886e-02 -5.811288e-01 6.576543e+00 9.911928e-01 2.860549e-01 3.848937e-01 1.240155e+00 1.453707e+00 3.638346e+00 1.810493e-01 2.143243e+00 -7.497153e-01 -2.899560e+00 -1.273052e+00 -1.584593e+00 -2.064629e+00 -1.325922e+00 -5.317402e-01 -5.251986e-01 -8.779673e-01 1.495468e+00
<Variance> 25
 4.977923e+01 2.235491e+01 4.693454e+01 2.522717e+01 3.652942e+01 5.394143e+01 3.042601e+01 3.732665e+01 3.466636e+01 2.479019e+01 3.121201e+01 1.703401e+01 2.308451e+00 4.457472e+00 6.118699e+00 4.013513e+00 4.795341e+00 4.645435e+00 4.493709e+00 4.543075e+00 4.853800e+00 4.232791e+00 5.948501e+00 2.332901e+00 1.745872e+00
<GConst> 1.055536e+02
<TransP> 5
 0.000000e+00 1.000000e+00 0.000000e+00 0.000000e+00 0.000000e+00
 0.000000e+00 5.906268e-01 4.093732e-01 0.000000e+00 0.000000e+00
 0.000000e+00 0.000000e+00 7.279394e-01 2.720607e-01 0.000000e+00
 0.000000e+00 0.000000e+00 0.000000e+00 6.041954e-01 3.958046e-01
 0.000000e+00 0.000000e+00 0.000000e+00 0.000000e+00 0.000000e+00
<EndHMM>
~h "sil"
<BeginHMM>
<NumStates> 5
<State> 2
<Mean> 25
 -5.567059e+00 -2.362573e+00 -2.830868e+00 1.865853e+00 6.461599e+00 2.525011e+00 3.388643e+00 4.716473e+00 1.888433e+00 4.023613e-01 2.050146e+00 2.371991e+00 -1.029579e+00 -9.112431e-01 -3.928998e-01 -4.717571e-01 -3.192398e-01 -4.691235e-01 -8.005539e-02 -3.923304e-02 -1.787114e-01 -5.511603e-02 -3.588852e-03 1.716552e-01 -2.878512e-01
<Variance> 25
 2.365607e+01 2.965717e+01 2.947963e+01 2.969729e+01 4.030787e+01 4.349717e+01 3.541096e+01 3.707682e+01 4.051033e+01 3.637066e+01 4.724081e+01 2.451291e+01 2.048325e+00 2.291375e+00 2.044515e+00 2.198979e+00 2.940428e+00 3.359880e+00 3.218369e+00 3.256691e+00 3.328074e+00 3.480740e+00 3.142853e+00 2.244968e+00 4.780836e+00
<GConst> 1.019315e+02
<State> 3
~s "silst"
<State> 4
<Mean> 25
 -5.868246e+00 -2.544154e+00 -1.640239e+00 9.790528e-01 3.942461e+00 3.299572e+00 3.562138e+00 2.229161e+00 1.017509e+00 -9.645914e-02 1.294121e+00 2.230495e+00 9.672404e-01 8.024526e-01 6.721925e-01 9.712929e-02 -3.452685e-01 1.281431e-01 -1.926519e-01 -3.140951e-01 3.985943e-02 6.460656e-02 -1.365336e-01 -2.244030e-01 1.052163e+00
<Variance> 25
 3.003159e+01 4.313916e+01 4.792244e+01 4.114159e+01 6.684236e+01 4.350755e+01 3.547223e+01 3.443711e+01 3.701143e+01 3.314359e+01 4.299683e+01 2.590715e+01 3.543172e+00 4.026767e+00 3.723737e+00 4.536895e+00 6.032096e+00 4.102786e+00 3.917184e+00 3.739053e+00 3.630178e+00 3.500444e+00 3.335231e+00 2.451288e+00 1.399674e+01
<GConst> 1.085712e+02
<TransP> 5
 0.000000e+00 1.000000e+00 0.000000e+00 0.000000e+00 0.000000e+00
 0.000000e+00 8.350052e-01 1.649948e-01 0.000000e+00 0.000000e+00
 0.000000e+00 0.000000e+00 9.573728e-01 4.262715e-02 0.000000e+00
 0.000000e+00 0.000000e+00 0.000000e+00 8.564518e-01 1.435482e-01
 0.000000e+00 0.000000e+00 0.000000e+00 0.000000e+00 0.000000e+00
<EndHMM>
~h "tss"
<BeginHMM>
<NumStates> 5
<State> 2
<Mean> 25
 -7.879217e+00 3.906486e+00 2.057198e+00 1.798417e+00 5.800241e+00 1.910911e+00 -5.482350e-01 7.922335e-01 2.713568e+00 2.819681e+00 3.195990e+00 1.667011e+00 -3.666790e+00 -5.886546e-01 -1.358547e+00 -1.352158e+00 2.244087e-01 4.638239e-01 8.787202e-01 7.188540e-01 2.600337e-01 3.087695e-01 7.258203e-01 3.198143e-01 8.205197e-01
<Variance> 25
 6.756833e+01 4.642414e+01 4.226870e+01 4.781741e+01 3.801688e+01 4.101278e+01 4.081559e+01 4.158004e+01 3.094046e+01 3.529649e+01 3.467516e+01 2.166836e+01 3.883341e+00 5.380328e+00 3.285122e+00 4.935023e+00 4.299562e+00 4.339497e+00 3.936886e+00 3.950634e+00 3.824618e+00 5.090231e+00 3.512347e+00 2.444080e+00 1.967922e+01
<GConst> 1.096097e+02
<State> 3
<Mean> 25
 -2.051461e+01 4.361234e+00 -1.834685e+00 -2.822708e+00 5.717973e+00 1.645034e+00 5.108613e+00 3.739389e+00 2.619363e+00 1.026271e+00 4.413686e+00 1.710056e+00 1.936597e+00 -1.557691e-02 8.554768e-01 6.666899e-01 -7.046708e-01 -1.162044e+00 6.395117e-01 2.088344e-01 -8.613423e-02 -8.414646e-01 -7.192496e-01 -6.752979e-02 1.395236e+00
<Variance> 25
 1.633735e+01 2.130065e+01 2.906446e+01 3.052781e+01 2.474527e+01 3.152250e+01 3.241173e+01 3.204267e+01 2.467101e+01 2.633425e+01 3.795367e+01 1.948710e+01 8.805148e+00 2.727805e+00 2.375874e+00 2.339955e+00 2.521428e+00 3.004958e+00 3.092228e+00 2.835094e+00 2.141269e+00 2.587612e+00 2.379457e+00 1.767753e+00 2.889575e+00
<GConst> 9.857504e+01
<State> 4
<Mean> 25
 -2.144515e+00 2.221141e+00 1.801145e+00 2.608965e-01 4.055248e-01 -3.959874e+00 1.892801e+00 1.071228e+00 2.324940e+00 -2.226940e+00 -1.214676e+00 2.580422e-01 5.606966e+00 -1.325529e+00 -5.366561e-01 -1.146478e-01 -1.819555e+00 -6.629499e-01 -1.770114e+00 -8.524112e-01 -2.832570e-02 9.069484e-03 -1.012547e+00 -8.397591e-01 6.655259e-01
<Variance> 25
 5.912770e+01 2.152553e+01 2.127718e+01 1.788172e+01 3.540477e+01 3.409479e+01 5.016439e+01 4.116174e+01 3.361662e+01 2.988744e+01 2.958610e+01 1.727770e+01 3.286415e+00 3.579272e+00 3.445157e+00 3.907328e+00 3.940752e+00 5.091155e+00 3.622032e+00 4.762334e+00 4.414759e+00 5.756943e+00 6.235334e+00 2.547756e+00 9.649299e-01
<GConst> 1.037918e+02
<TransP> 5
 0.000000e+00 1.000000e+00 0.000000e+00 0.000000e+00 0.000000e+00
 0.000000e+00 8.208359e-01 1.791641e-01 0.000000e+00 0.000000e+00
 0.000000e+00 0.000000e+00 7.243343e-01 2.756657e-01 0.000000e+00
 0.000000e+00 0.000000e+00 0.000000e+00 6.639866e-01 3.360134e-01
 0.000000e+00 0.000000e+00 0.000000e+00 0.000000e+00 0.000000e+00
<EndHMM>
~h "dummy"
<BeginHMM>
<NumStates> 5
<State> 2
<Mean> 25
 1.893698e+00 1.155965e+00 3.948848e+00 2.816689e+00 1.113833e+00 1.615467e+00 -4.292900e-01 -1.809757e+00 -4.917778e-01 -2.918969e+00 1.668341e+00 -2.563337e+00 2.178439e-01 8.715469e-02 2.375453e-01 1.070196e-01 -5.087709e-02 -9.988549e-02 9.258160e-02 4.072897e-01 2.005626e-01 3.289827e-01 1.967867e-02 1.407762e-01 -2.280664e-02
<Variance> 25
 7.938124e+01 7.855499e+01 5.713229e+01 2.761777e+01 5.756917e+01 3.762660e+01 2.871609e+01 6.989763e+01 6.976372e+01 4.434164e+01 2.656368e+01 2.309585e+01 7.961622e+00 4.094485e+00 3.117882e+00 2.628073e+00 7.228333e+00 3.073066e+00 2.662134e+00 2.698328e+00 3.439698e+00 3.257841e+00 3.516115e+00 1.665733e+00 4.879807e+00
<GConst> 1.082195e+02
<State> 3
<Mean> 25
 2.434749e+00 9.948173e-01 2.709097e+00 1.891742e+00 7.886314e-02 -1.918880e+00 -1.072845e+00 1.269123e-01 -1.424107e+00 -2.771411e+00 4.895944e-01 -1.438221e+00 1.188818e-01 3.447546e-01 2.141675e-01 4.232151e-01 4.135218e-01 -9.801888e-02 7.923645e-01 5.620503e-01 -2.566033e-01 2.449750e-01 -1.376516e-01 4.230624e-01 -4.872090e-01
<Variance> 25
 4.010574e+01 4.528133e+01 2.502233e+01 3.335954e+01 8.303790e+01 5.682430e+01 3.044224e+01 6.840932e+01 5.691504e+01 4.432100e+01 4.249425e+01 2.214168e+01 9.132334e+00 6.254612e+00 5.528522e+00 6.074270e+00 1.110117e+01 3.031641e+00 4.037920e+00 3.374089e+00 5.328122e+00 3.250874e+00 4.434959e+00 2.525706e+00 6.735520e+00
<GConst> 1.118214e+02
<State> 4
<Mean> 25
 2.506942e+00 1.557425e+00 2.871354e+00 2.823957e+00 1.433840e+00 -1.942173e+00 -2.387483e-01 1.088845e+00 -1.266938e+00 -2.932487e+00 6.710795e-01 -1.069666e+00 -4.410508e-01 4.296728e-02 -3.082923e-01 4.106323e-01 3.252833e-01 1.052346e-01 1.041500e+00 9.591914e-01 -8.004241e-02 3.276459e-01 3.117169e-02 3.381072e-01 -9.283020e-01
<Variance> 25
 5.180766e+01 5.330544e+01 2.926168e+01 3.791199e+01 1.097489e+02 8.169614e+01 2.803784e+01 6.603095e+01 7.787598e+01 5.092049e+01 4.588576e+01 2.093297e+01 9.611510e+00 6.455139e+00 3.624370e+00 3.624113e+00 1.072470e+01 2.393744e+00 4.551036e+00 5.535948e+00 4.084478e+00 4.559595e+00 4.845351e+00 2.928817e+00 7.899501e+00
<GConst> 1.134788e+02
<TransP> 5
 0.000000e+00 1.000000e+00 0.000000e+00 0.000000e+00 0.000000e+00
 0.000000e+00 6.966614e-01 3.033385e-01 0.000000e+00 0.000000e+00
 0.000000e+00 0.000000e+00 0.000000e+00 1.000000e+00 0.000000e+00
 0.000000e+00 0.000000e+00 0.000000e+00 0.000000e+00 1.000000e+00
 0.000000e+00 0.000000e+00 0.000000e+00 0.000000e+00 0.000000e+00
<EndHMM>
~h "jbackslash"
<BeginHMM>
<NumStates> 5
<State> 2
<Mean> 25
 1.952632e+00 7.148248e+00 1.168787e+01 3.224869e+00 -3.845016e+00 5.931776e-01 -3.330637e+00 -3.949145e+00 -4.515152e+00 -2.620076e+00 -1.254691e+00 -5.348594e-02 -9.276303e-01 1.536738e+00 9.882954e-01 1.232854e+00 1.963111e+00 1.238885e+00 4.853755e-01 -9.676584e-02 -2.844831e-01 -4.552346e-01 -1.562858e-01 -1.000070e-01 -2.014253e+00
<Variance> 25
 1.551981e+01 3.293712e+01 3.709402e+01 3.406693e+01 5.312434e+01 4.259994e+01 4.028184e+01 3.575682e+01 3.550746e+01 4.644625e+01 2.724353e+01 3.100090e+01 2.040597e+00 2.526870e+00 4.682962e+00 3.297570e+00 5.494156e+00 3.406841e+00 4.521801e+00 3.672101e+00 4.323432e+00 3.082929e+00 2.795303e+00 1.990291e+00 3.614163e+00
<GConst> 1.041769e+02
<State> 3
<Mean> 25
 -3.686884e+00 7.946555e+00 1.045297e+01 2.171358e+00 -1.159974e+00 -4.281578e-02 -2.354962e+00 -3.844113e+00 -3.355484e+00 -2.652439e+00 2.669613e-01 1.436640e-01 2.453912e-01 -1.395382e+00 1.249587e-01 -1.499750e+00 -2.831524e+00 -1.267230e+00 -8.686276e-01 -6.167053e-02 -1.156820e-01 5.117256e-01 5.998104e-01 3.217445e-01 2.495395e+00
<Variance> 25
 2.984401e+01 2.726131e+01 4.572869e+01 2.977567e+01 7.020966e+01 3.175819e+01 3.892218e+01 2.957149e+01 3.258641e+01 3.908451e+01 2.080728e+01 2.567126e+01 7.044086e+00 2.905090e+00 3.782535e+00 2.795178e+00 7.036223e+00 3.404276e+00 3.254901e+00 3.196736e+00 3.275885e+00 3.942419e+00 2.853566e+00 1.583929e+00 1.736041e+00
<GConst> 1.035669e+02
<State> 4
<Mean> 25
 1.863625e+00 -9.905744e-01 8.035601e+00 -3.443756e+00 -1.362662e+01 -5.677969e+00 -3.871053e+00 2.506627e-01 -1.849412e+00 1.017867e+00 3.238734e-01 1.033628e+00 8.430034e-01 -1.961990e+00 -2.563287e+00 -8.084794e-01 -1.692200e-01 -8.674496e-01 9.741591e-01 1.644236e+00 1.402410e+00 3.627317e-01 -7.312606e-01 -5.342225e-01 1.109831e+00
<Variance> 25
 9.264530e+00 2.152165e+01 3.251804e+01 3.139809e+01 2.319050e+01 3.608527e+01 4.027737e+01 4.320617e+01 5.269248e+01 6.054257e+01 3.599349e+01 3.087678e+01 6.779257e-01 1.453882e+00 1.817400e+00 1.795389e+00 5.056233e+00 3.263688e+00 4.802915e+00 2.489527e+00 3.348733e+00 4.752796e+00 3.226366e+00 2.270017e+00 6.793979e-01
<GConst> 9.826813e+01
<TransP> 5
 0.000000e+00 1.000000e+00 0.000000e+00 0.000000e+00 0.000000e+00
 0.000000e+00 7.042705e-01 2.957295e-01 0.000000e+00 0.000000e+00
 0.000000e+00 0.000000e+00 7.239894e-01 2.760106e-01 0.000000e+00
 0.000000e+00 0.000000e+00 0.000000e+00 7.009423e-01 2.990577e-01
 0.000000e+00 0.000000e+00 0.000000e+00 0.000000e+00 0.000000e+00
<EndHMM>