~o <StreamInfo> 1 25
<VecSize> 25
<nulld>
<mfcc_D_N_Z_0>
<diagc>
~s "silst"
<Mean> 25
 -1.691094e+00 3.787445e-01 -4.333885e+00 7.436099e+00 1.401621e+00 1.138624e+01 1.738947e+00 1.007567e+01 3.584082e+00 8.426815e+00 4.150566e+00 5.433014e+00 6.874443e-03 -2.264954e-02 -2.017951e-02 1.792265e-02 -3.093285e-02 -5.967618e-03 -1.978816e-02 -3.498950e-04 2.946945e-02 1.040458e-03 7.329304e-03 1.750587e-02 6.390922e-03
<Variance> 25
 9.105493e+00 3.329136e+01 1.532952e+01 1.603996e+01 1.878170e+01 2.958459e+01 2.193010e+01 1.637748e+01 2.071774e+01 2.107420e+01 1.857343e+01 1.023492e+01 1.315563e-01 2.994421e-01 3.610237e-01 4.909959e-01 6.148127e-01 7.375433e-01 8.519413e-01 8.854020e-01 9.495867e-01 9.148453e-01 8.772522e-01 7.980063e-01 1.064420e-01
<GConst> 7.192186e+01
~h "N"
<BeginHMM>
<NumStates> 5
<State> 2
<Mean> 25
 7.547923e+00 2.060922e+00 -3.500555e+00 -6.588872e+00 -3.633306e+00 -2.256054e+00 -1.220951e+00 -3.634542e+00 -2.481208e+00 -4.292060e+00 -5.245479e+00 -3.106836e+00 3.114125e-01 8.724346e-01 9.445395e-01 1.056851e+00 4.294325e-01 5.135614e-01 -1.213398e+00 -2.473956e-01 -5.852224e-01 -4.744565e-01 -9.769466e-01 4.154403e-01 -1.064556e+00
<Variance> 25
 9.344074e+00 2.025584e+01 3.196646e+01 4.026393e+01 4.229400e+01 5.926007e+01 5.851699e+01 4.768736e+01 6.404411e+01 4.469458e+01 4.320399e+01 4.026250e+01 5.784957e-01 1.381712e+00 2.638331e+00 2.756081e+00 2.599935e+00 3.935172e+00 4.165834e+00 3.692129e+00 3.795419e+00 3.197838e+00 3.238767e+00 2.874844e+00 5.322602e-01
<GConst> 1.004470e+02
<State> 3
<Mean> 25
 8.358951e+00 4.641828e+00 1.528012e+00 -7.391300e-01 -1.828511e+00 -1.517959e+00 -5.135965e+00 -3.598311e+00 -4.867250e+00 -5.720367e+00 -9.161955e+00 -2.742222e+00 -1.703122e-01 8.469571e-01 1.257345e+00 1.309686e+00 7.731203e-01 5.303876e-01 -7.258170e-01 -1.298253e-01 -9.206654e-01 -5.293397e-01 -8.733160e-01 4.098065e-02 -1.172142e+00
<Variance> 25
 9.118517e+00 1.885596e+01 2.157158e+01 3.284447e+01 3.957648e+01 5.375289e+01 5.167282e+01 4.773297e+01 6.906384e+01 4.459834e+01 4.503792e+01 4.189584e+01 6.841707e-01 1.563997e+00 2.427742e+00 2.287225e+00 2.368925e+00 3.346051e+00 3.583530e+00 3.055133e+00 3.160062e+00 2.586273e+00 3.344755e+00 2.476525e+00 8.590874e-01
<GConst> 9.901437e+01
<State> 4
<Mean> 25
 6.122416e+00 6.539350e+00 3.707914e+00 1.536696e+00 1.832067e-01 -9.695349e-02 -4.978791e+00 -3.522039e+00 -6.178340e+00 -6.437617e+00 -9.096488e+00 -3.104659e+00 -1.805821e+00 1.630664e-02 1.197809e+00 1.032013e+00 1.136830e+00 5.470805e-01 9.917103e-01 4.721395e-01 1.799233e-01 6.731224e-01 1.010013e+00 -1.183901e-02 -7.030193e-01
<Variance> 25
 1.606098e+01 2.210390e+01 2.974816e+01 4.036080e+01 3.951426e+01 6.298746e+01 5.131505e+01 5.425918e+01 6.020083e+01 4.635281e+01 4.567790e+01 4.155164e+01 2.706996e+00 3.174554e+00 4.035477e+00 3.333731e+00 3.699262e+00 4.655540e+00 5.626346e+00 4.094190e+00 4.786900e+00 4.261190e+00 5.150465e+00 4.022240e+00 1.937381e+00
<GConst> 1.075847e+02
<TransP> 5
 0.000000e+00 1.000000e+00 0.000000e+00 0.000000e+00 0.000000e+00
 0.000000e+00 5.310654e-01 4.689346e-01 0.000000e+00 0.000000e+00
 0.000000e+00 0.000000e+00 6.190265e-01 3.809734e-01 0.000000e+00
 0.000000e+00 0.000000e+00 0.000000e+00 3.586720e-01 6.413280e-01
 0.000000e+00 0.000000e+00 0.000000e+00 0.000000e+00 0.000000e+00
<EndHMM>
~h "S"
<BeginHMM>
<NumStates> 5
<State> 2
<Mean> 25
 5.073709e+00 -1.304531e+00 -1.859004e+00 -5.467850e+00 -3.608397e+00 -6.046090e+00 -2.540364e+00 -8.721834e+00 -4.284199e+00 -3.481183e+00 1.196905e+00 2.695459e-01 1.356959e+00 -4.892764e-01 -1.704272e+00 -1.325846e+00 -1.588057e+00 -1.333915e+00 7.318753e-02 -3.426050e-02 4.636912e-01 1.507414e-01 2.748347e-01 5.421585e-02 1.083910e+00
<Variance> 25
 7.790942e+00 2.023095e+01 2.265233e+01 3.624454e+01 3.512331e+01 3.685449e+01 4.890563e+01 5.390710e+01 4.569186e+01 4.005278e+01 3.874696e+01 3.731764e+01 3.892407e+00 3.283507e+00 3.606723e+00 2.823305e+00 3.394459e+00 4.541900e+00 6.426961e+00 4.972161e+00 4.579694e+00 4.381419e+00 5.831286e+00 3.508686e+00 1.164886e+00
<GConst> 1.047879e+02
<State> 3
<Mean> 25
 6.327175e+00 -2.727693e+00 -4.982390e+00 -7.578187e+00 -4.290483e+00 -4.041962e+00 7.163996e-01 -4.092811e+00 -6.523191e-01 -2.044180e+00 1.011302e+00 -5.218214e-01 9.735762e-02 6.212341e-02 -7.768456e-02 1.079334e-02 5.057307e-02 2.584952e-01 1.774051e-01 3.969763e-01 1.838448e-01 1.058550e-01 -2.384612e-01 -1.630144e-01 -2.247250e-01
<Variance> 25
 7.740052e+00 1.795358e+01 1.929207e+01 3.353035e+01 4.382816e+01 4.665520e+01 5.522942e+01 6.288090e+01 4.989575e+01 3.749481e+01 4.571529e+01 4.236701e+01 3.788431e-01 9.385243e-01 1.060223e+00 1.397176e+00 1.666767e+00 1.980826e+00 2.235408e+00 2.430872e+00 1.891500e+00 2.018380e+00 1.989209e+00 1.419461e+00 4.028690e-01
<GConst> 9.194647e+01
<State> 4
<Mean> 25
 5.519720e+00 -6.129720e-01 -2.614012e+00 -4.407794e+00 -2.988782e+00 -3.608474e+00 -1.432808e+00 -5.300668e+00 -2.161484e+00 -1.841542e+00 -1.923263e-01 -2.335005e-01 -3.732062e-01 1.150972e+00 1.260482e+00 1.502508e+00 8.522661e-01 5.802716e-01 -4.768684e-01 2.762899e-01 -6.106582e-01 -3.832032e-01 -9.691994e-01 -3.626903e-01 -1.459192e+00
<Variance> 25
 1.076855e+01 2.250841e+01 2.455976e+01 4.454284e+01 4.973761e+01 7.802602e+01 6.030548e+01 8.487994e+01 4.655821e+01 4.189654e+01 4.779357e+01 4.033498e+01 1.121917e+00 1.782174e+00 1.931410e+00 2.320771e+00 2.561094e+00 3.219547e+00 2.635822e+00 3.677605e+00 2.839401e+00 2.683175e+00 3.328596e+00 2.532133e+00 1.258488e+00
<GConst> 1.013458e+02
<TransP> 5
 0.000000e+00 1.000000e+00 0.000000e+00 0.000000e+00 0.000000e+00
 0.000000e+00 4.782758e-01 5.217242e-01 0.000000e+00 0.000000e+00
 0.000000e+00 0.000000e+00 6.751366e-01 3.248633e-01 0.000000e+00
 0.000000e+00 0.000000e+00 0.000000e+00 5.121271e-01 4.878729e-01
 0.000000e+00 0.000000e+00 0.000000e+00 0.000000e+00 0.000000e+00
<EndHMM>
~h "a"
<BeginHMM>
<NumStates> 5
<State> 2
<Mean> 25
 5.716204e+00 -4.344368e+00 -8.143922e+00 -9.234247e+00 -3.142172e+00 -3.977658e+00 -1.208137e+00 -4.789706e+00 2.826035e+00 -2.327375e+00 4.279950e-01 -2.823949e+00 1.342529e+00 -8.895658e-01 -2.371115e+00 -1.668216e+00 -9.119005e-01 8.310441e-01 9.505315e-01 3.669333e-01 8.459060e-01 -3.197560e-01 -3.431275e-01 -6.899529e-01 8.569269e-01
<Variance> 25
 1.011302e+01 2.156796e+01 2.599181e+01 3.434499e+01 3.156030e+01 5.424276e+01 5.482783e+01 4.198048e+01 4.489682e+01 4.087772e+01 4.140025e+01 3.092031e+01 2.599483e+00 3.091701e+00 2.789541e+00 3.042141e+00 3.597529e+00 5.310668e+00 5.635187e+00 4.392241e+00 3.808348e+00 4.281873e+00 4.372614e+00 2.983124e+00 1.398155e+00
<GConst> 1.040590e+02
<State> 3
<Mean> 25
 7.435582e+00 -6.480174e+00 -1.194606e+01 -1.053741e+01 -2.372845e+00 9.114356e-01 2.781312e+00 -2.263368e+00 4.452278e+00 -3.646784e+00 -1.455378e+00 -3.794515e+00 1.476164e-01 7.749796e-02 -1.104006e-01 1.231663e-01 2.480179e-02 2.889898e-01 3.165553e-01 1.923941e-01 6.154801e-02 1.109763e-01 -1.323892e-01 -1.184711e-02 -1.841573e-01
<Variance> 25
 8.894879e+00 2.025914e+01 2.131832e+01 3.242724e+01 4.815437e+01 5.338082e+01 6.303273e+01 4.132036e+01 5.335130e+01 5.259007e+01 3.934189e+01 2.826651e+01 2.921655e-01 9.626931e-01 9.069996e-01 1.053201e+00 1.495023e+00 2.326857e+00 1.820646e+00 1.870972e+00 1.953798e+00 2.109879e+00 1.711466e+00 1.518360e+00 3.148945e-01
<GConst> 9.072379e+01
<State> 4
<Mean> 25
 6.601511e+00 -3.759492e+00 -9.069523e+00 -8.377679e+00 -3.258820e+00 -1.886545e+00 9.325696e-01 -2.693944e+00 4.045516e+00 -1.420413e+00 -8.900517e-01 -3.444577e+00 -2.233613e-01 1.355172e+00 1.455536e+00 9.782280e-01 -1.309367e-02 -7.633802e-01 -1.051103e+00 -3.713512e-01 -6.276436e-01 1.896600e-01 -1.586373e-01 3.230972e-01 -9.777382e-01
<Variance> 25
 1.107064e+01 2.072956e+01 2.510338e+01 3.788438e+01 4.970422e+01 6.001870e+01 7.013083e+01 6.276256e+01 5.054371e+01 5.457354e+01 3.938342e+01 2.986376e+01 5.537882e-01 1.251278e+00 1.686408e+00 1.821949e+00 2.028050e+00 3.145916e+00 2.598220e+00 3.053494e+00 3.144852e+00 2.585138e+00 2.337063e+00 2.165372e+00 7.401521e-01
<GConst> 9.771929e+01
<TransP> 5
 0.000000e+00 1.000000e+00 0.000000e+00 0.000000e+00 0.000000e+00
 0.000000e+00 5.418723e-01 4.581277e-01 0.000000e+00 0.000000e+00
 0.000000e+00 0.000000e+00 7.344028e-01 2.655972e-01 0.000000e+00
 0.000000e+00 0.000000e+00 0.000000e+00 6.047582e-01 3.952418e-01
 0.000000e+00 0.000000e+00 0.000000e+00 0.000000e+00 0.000000e+00
<EndHMM>
~h "e"
<BeginHMM>
<NumStates> 5
<State> 2
<Mean> 25
 3.692156e+00 -4.268481e+00 -1.368237e+00 4.586431e-01 5.059422e-01 -1.364793e+01 -8.159712e+00 -1.086297e+01 -1.802877e+00 1.211145e-01 6.656040e-01 -1.632912e+00 8.965263e-02 -6.612897e-01 3.944371e-03 1.941047e-01 -2.420480e-01 -9.969935e-01 -7.518708e-01 -2.191420e-01 9.902057e-01 6.775303e-01 8.946509e-02 -3.279594e-01 4.708001e-01
<Variance> 25
 9.773521e+00 2.035181e+01 2.207719e+01 3.389328e+01 2.054727e+01 3.481470e+01 3.243195e+01 3.582064e+01 4.250125e+01 3.140906e+01 3.494314e+01 2.806844e+01 1.421325e+00 1.778790e+00 2.760386e+00 3.968364e+00 2.067205e+00 6.389116e+00 4.035539e+00 3.118826e+00 3.067344e+00 3.456705e+00 3.979000e+00 2.839731e+00 9.694762e-01
<GConst> 9.876248e+01
<State> 3
<Mean> 25
 3.255135e+00 -4.690455e+00 1.233326e-01 1.632057e+00 1.594544e-01 -1.462159e+01 -8.691420e+00 -9.493834e+00 5.187851e-01 -2.428079e-01 -1.250490e-01 -2.087185e+00 -1.991430e-01 2.869810e-01 8.020613e-01 6.336482e-01 9.580101e-02 1.432420e-01 2.590156e-02 4.087758e-01 1.354869e-01 -5.062733e-01 -5.549868e-01 -1.548100e-01 -4.398374e-01
<Variance> 25
 9.792846e+00 2.066955e+01 2.351949e+01 3.649378e+01 2.186913e+01 3.901195e+01 3.230233e+01 3.958840e+01 4.463550e+01 3.282597e+01 3.575207e+01 2.757120e+01 6.478866e-01 1.394970e+00 1.916555e+00 2.893282e+00 1.478923e+00 3.962636e+00 2.468210e+00 2.031147e+00 2.119331e+00 2.449444e+00 2.199155e+00 2.010226e+00 7.699207e-01
<GConst> 9.396184e+01
<State> 4
<Mean> 25
 1.518685e+00 -1.990294e+00 6.284337e-01 2.963528e+00 1.434390e-01 -5.641234e+00 -4.159014e+00 -4.111758e+00 2.525177e-01 4.823010e-01 1.378857e-01 7.459242e-03 -3.733308e-01 5.890838e-01 7.631698e-01 4.268953e-01 1.804454e-01 6.546960e-01 3.008753e-01 5.504116e-01 -1.564401e-01 -4.446548e-01 -4.914590e-01 -1.890786e-01 -6.795855e-01
<Variance> 25
 4.651870e+01 4.925749e+01 4.259393e+01 6.363080e+01 3.731911e+01 1.478488e+02 6.862954e+01 9.711942e+01 4.881543e+01 5.664951e+01 5.094085e+01 4.001514e+01 2.506394e+00 2.938235e+00 2.689241e+00 3.217753e+00 2.362434e+00 5.131989e+00 3.471597e+00 3.638691e+00 3.068077e+00 3.303457e+00 3.047931e+00 2.116587e+00 3.149477e+00
<GConst> 1.090674e+02
<TransP> 5
 0.000000e+00 1.000000e+00 0.000000e+00 0.000000e+00 0.000000e+00
 0.000000e+00 4.408548e-01 5.591452e-01 0.000000e+00 0.000000e+00
 0.000000e+00 0.000000e+00 5.184205e-01 4.815795e-01 0.000000e+00
 0.000000e+00 0.000000e+00 0.000000e+00 4.388092e-01 5.611908e-01
 0.000000e+00 0.000000e+00 0.000000e+00 0.000000e+00 0.000000e+00
<EndHMM>
~h "f"
<BeginHMM>
<NumStates> 5
<State> 2
<Mean> 25
 -6.240753e+00 4.349638e+00 1.023324e+00 8.509887e-01 5.873939e+00 -4.075652e-01 1.910311e+00 -2.606568e+00 -1.185495e+00 -3.097900e+00 -1.083778e+00 -3.856852e+00 -4.466461e+00 -6.846258e-01 -3.716435e-01 8.734574e-01 2.291463e+00 1.388777e+00 1.442348e+00 6.826807e-01 1.357268e+00 1.140877e+00 1.550357e+00 7.818993e-01 2.687960e-01
<Variance> 25
 4.784404e+01 1.980600e+01 1.960045e+01 3.469696e+01 3.752762e+01 2.250038e+01 3.668131e+01 2.713171e+01 2.912073e+01 2.948180e+01 2.754290e+01 2.300940e+01 2.000743e+00 2.603017e+00 3.298013e+00 4.933753e+00 4.940601e+00 3.375193e+00 4.015816e+00 3.546342e+00 3.279855e+00 3.661793e+00 3.824725e+00 3.393472e+00 1.320493e+00
<GConst> 1.014083e+02
<State> 3
<Mean> 25
 -1.651998e+01 -5.935789e-01 -3.856371e+00 -4.828900e-02 7.745329e+00 2.325064e+00 4.972299e+00 1.308521e+00 3.705316e+00 1.982361e+00 5.485382e+00 1.959556e+00 -5.190489e-01 -6.970288e-01 -5.520450e-01 -5.033187e-01 -1.985032e-01 8.856893e-02 3.676258e-01 4.597173e-01 5.005335e-01 5.476707e-01 6.730712e-01 6.188039e-01 2.360203e-02
<Variance> 25
 1.129766e+01 1.993421e+01 2.085524e+01 2.553003e+01 2.373627e+01 1.673298e+01 3.086191e+01 2.181163e+01 1.985776e+01 2.950094e+01 1.878553e+01 2.137073e+01 2.307634e+00 9.946572e-01 1.158157e+00 1.043312e+00 1.290612e+00 1.274211e+00 1.362384e+00 1.410542e+00 1.530640e+00 1.573074e+00 1.623225e+00 1.637044e+00 8.845242e-01
<GConst> 8.640996e+01
<State> 4
<Mean> 25
 -1.107613e+01 -6.977084e-01 -2.488086e+00 -1.752240e+00 5.555318e+00 9.672277e-01 3.970907e+00 -1.424846e-01 2.346161e+00 8.430076e-01 4.178834e+00 7.206227e-01 5.331854e+00 5.173767e-01 6.653462e-03 -1.935956e+00 -2.744814e+00 -1.689784e+00 -1.995777e+00 -1.525493e+00 -1.498870e+00 -1.562620e+00 -1.718530e+00 -1.149906e+00 6.722735e-01
<Variance> 25
 4.772424e+01 1.943077e+01 1.884329e+01 2.443800e+01 2.467561e+01 1.878170e+01 3.127986e+01 2.672964e+01 2.428750e+01 2.875764e+01 2.386670e+01 1.983627e+01 4.478371e+00 3.256788e+00 4.074475e+00 4.553985e+00 4.323075e+00 3.283743e+00 4.615960e+00 3.026201e+00 3.627959e+00 3.134404e+00 3.235540e+00 3.211460e+00 2.037035e+00
<GConst> 1.008619e+02
<TransP> 5
 0.000000e+00 1.000000e+00 0.000000e+00 0.000000e+00 0.000000e+00
 0.000000e+00 6.898853e-01 3.101148e-01 0.000000e+00 0.000000e+00
 0.000000e+00 0.000000e+00 7.417160e-01 2.582840e-01 0.000000e+00
 0.000000e+00 0.000000e+00 0.000000e+00 6.117349e-01 3.882650e-01
 0.000000e+00 0.000000e+00 0.000000e+00 0.000000e+00 0.000000e+00
<EndHMM>
~h "i"
<BeginHMM>
<NumStates> 5
<State> 2
<Mean> 25
 -6.784207e-01 -9.775380e-01 9.177557e+00 4.310651e+00 6.121361e-01 -1.087689e+01 -6.327977e+00 -6.189072e+00 -3.327901e+00 -5.560441e+00 -4.387875e+00 -3.445886e+00 1.866368e+00 2.550037e-01 4.515774e-01 8.834316e-01 -1.020634e+00 -2.284188e+00 -1.126067e+00 -9.064717e-01 -1.589205e+00 -1.331652e+00 -1.216709e+00 -6.616012e-01 4.199601e-01
<Variance> 25
 2.692971e+01 3.098506e+01 6.487640e+01 4.896035e+01 4.086152e+01 5.656769e+01 4.053001e+01 4.610295e+01 4.593221e+01 4.887587e+01 4.106527e+01 2.689167e+01 8.548870e+00 3.936518e+00 7.152823e+00 4.124440e+00 4.296298e+00 7.738484e+00 6.366969e+00 5.947557e+00 5.309076e+00 4.690890e+00 4.439396e+00 3.350050e+00 3.323931e+00
<GConst> 1.118934e+02
<State> 3
<Mean> 25
 3.462929e-01 1.768270e+00 1.010686e+01 2.649176e+00 -3.805392e+00 -1.033369e+01 -5.871883e+00 -8.678650e+00 -4.745690e+00 -4.906323e+00 -4.269946e+00 -3.232709e+00 5.584648e-01 1.628496e-01 -3.614991e-01 8.588279e-02 -4.025810e-01 -1.726683e-01 2.370645e-01 1.581146e-01 -2.401403e-01 -6.613885e-03 -8.924527e-02 5.976390e-02 -2.147410e-01
<Variance> 25
 1.364028e+01 5.688696e+01 6.696990e+01 5.564317e+01 6.300632e+01 7.840153e+01 4.552640e+01 5.305653e+01 4.390767e+01 4.542638e+01 4.181731e+01 3.335171e+01 2.436237e+00 2.081182e+00 5.249301e+00 2.935910e+00 2.310460e+00 3.385331e+00 2.523315e+00 2.946840e+00 2.870831e+00 2.663255e+00 2.402170e+00 1.888954e+00 1.420292e+00
<GConst> 1.042767e+02
<State> 4
<Mean> 25
 1.107494e+00 -9.762771e-01 9.308282e+00 6.402069e+00 -6.481267e-01 -1.418331e+01 -4.842957e+00 -4.078560e+00 -4.615558e+00 -6.644349e+00 -6.075590e+00 -3.324913e+00 2.514144e-01 2.990892e-01 -1.050932e+00 -4.757484e-01 4.069899e-01 1.033937e+00 1.510295e-01 1.463445e-01 5.065222e-01 6.590738e-01 2.785846e-01 1.328302e-01 -4.570493e-01
<Variance> 25
 9.812757e+00 2.861386e+01 5.859307e+01 5.078805e+01 4.065047e+01 5.499015e+01 4.136937e+01 4.648476e+01 4.435088e+01 4.854714e+01 3.980339e+01 3.298894e+01 1.149669e+00 1.982103e+00 3.390421e+00 2.790689e+00 2.531133e+00 3.982199e+00 3.194822e+00 3.300858e+00 2.873195e+00 2.856779e+00 2.460022e+00 1.791624e+00 1.622004e+00
<GConst> 1.015206e+02
<TransP> 5
 0.000000e+00 1.000000e+00 0.000000e+00 0.000000e+00 0.000000e+00
 0.000000e+00 3.709365e-01 6.290635e-01 0.000000e+00 0.000000e+00
 0.000000e+00 0.000000e+00 4.071139e-01 5.928861e-01 0.000000e+00
 0.000000e+00 0.000000e+00 0.000000e+00 6.659058e-01 3.340941e-01
 0.000000e+00 0.000000e+00 0.000000e+00 0.000000e+00 0.000000e+00
<EndHMM>
~h "k"
<BeginHMM>
<NumStates> 5
<State> 2
<Mean> 25
 5.560163e+00 8.244563e+00 2.913898e+00 2.806183e+00 -3.624503e+00 -2.194812e-01 -2.531885e+00 -1.660746e+00 -5.445963e+00 -1.958933e+00 -4.233390e+00 -2.519298e+00 -8.769808e-01 1.149544e+00 -1.798892e-01 1.675383e+00 1.097422e+00 2.217314e+00 2.792098e-01 9.398092e-01 2.428455e-01 1.761503e+00 3.617096e-01 4.710173e-01 -2.907673e+00
<Variance> 25
 1.649299e+01 3.205852e+01 2.672583e+01 5.409219e+01 6.719886e+01 5.441853e+01 5.030508e+01 4.724122e+01 5.075112e+01 4.937902e+01 5.446549e+01 3.439421e+01 1.894211e+00 4.013268e+00 2.839386e+00 5.686650e+00 4.853131e+00 5.517414e+00 7.463702e+00 4.844094e+00 4.623610e+00 3.914193e+00 5.648423e+00 3.722915e+00 3.951621e+00
<GConst> 1.098346e+02
<State> 3
<Mean> 25
 3.719395e-01 6.254080e+00 7.339052e-01 6.197319e+00 1.432876e+00 6.101704e+00 1.926499e-02 1.596016e+00 -1.616188e+00 3.353642e+00 -1.718248e+00 9.717098e-01 -1.446965e+00 -1.409309e+00 -1.893026e+00 -2.587700e+00 3.123454e-01 2.502287e-01 1.939970e+00 2.605000e-01 1.200965e+00 9.919078e-01 2.519289e+00 6.298553e-01 1.495801e+00
<Variance> 25
 1.723609e+01 3.919307e+01 2.788605e+01 4.692185e+01 4.313326e+01 4.712440e+01 4.109265e+01 4.912816e+01 4.318565e+01 3.652734e+01 3.772686e+01 2.657060e+01 1.894179e+00 3.956414e+00 3.546296e+00 7.265968e+00 5.377375e+00 7.452399e+00 6.460348e+00 5.246770e+00 5.044424e+00 4.258705e+00 4.752914e+00 2.935679e+00 6.509379e+00
<GConst> 1.091936e+02
<State> 4
<Mean> 25
 -1.180791e+00 2.657910e+00 -4.059339e+00 -7.368144e+00 -7.307187e-02 1.746344e+00 3.910651e+00 -1.749162e+00 -1.307055e+00 1.963020e+00 5.940723e+00 7.575177e-01 9.510671e-01 -3.205845e-01 -7.130574e-02 -2.953601e+00 -1.778198e+00 -2.697837e+00 -3.447142e-01 -1.789417e+00 -2.843815e-01 -1.544539e+00 1.641144e-01 -7.416177e-01 3.365875e+00
<Variance> 25
 2.353021e+01 5.018917e+01 3.436792e+01 5.069099e+01 5.941655e+01 7.643344e+01 5.670998e+01 7.024232e+01 4.485682e+01 5.303809e+01 3.926158e+01 2.524299e+01 2.699515e+00 4.640243e+00 4.600943e+00 6.677551e+00 5.616168e+00 6.494092e+00 6.993016e+00 5.731171e+00 5.398195e+00 4.200587e+00 6.756998e+00 3.605091e+00 5.542577e+00
<GConst> 1.131349e+02
<TransP> 5
 0.000000e+00 1.000000e+00 0.000000e+00 0.000000e+00 0.000000e+00
 0.000000e+00 5.787609e-01 4.212391e-01 0.000000e+00 0.000000e+00
 0.000000e+00 0.000000e+00 5.359944e-01 4.640056e-01 0.000000e+00
 0.000000e+00 0.000000e+00 0.000000e+00 5.755472e-01 4.244528e-01
 0.000000e+00 0.000000e+00 0.000000e+00 0.000000e+00 0.000000e+00
<EndHMM>
~h "l"
<BeginHMM>
<NumStates> 5
<State> 2
<Mean> 25
 7.593574e+00 -7.554842e-02 -1.671268e+00 1.798677e+00 -9.122632e-01 -3.871050e+00 -4.234769e+00 -7.411989e+00 -5.852038e+00 -3.287489e+00 -3.440088e+00 1.625805e+00 1.283268e-01 6.209390e-01 1.178674e+00 1.378419e+00 9.029189e-01 1.690073e-01 -2.634575e-01 -5.776392e-01 -1.134229e+00 -3.826357e-01 -8.002588e-01 1.134274e-02 -8.593259e-01
<Variance> 25
 1.809829e+01 2.318172e+01 3.829467e+01 4.934371e+01 4.190384e+01 6.223340e+01 4.562770e+01 6.871007e+01 5.562831e+01 6.121799e+01 5.316737e+01 4.215884e+01 1.121571e+00 1.731771e+00 3.088193e+00 3.527351e+00 3.421075e+00 5.817726e+00 4.417812e+00 4.903456e+00 4.442251e+00 4.134419e+00 4.025756e+00 3.631169e+00 1.899418e+00
<GConst> 1.066477e+02
<State> 3
<Mean> 25
 5.201268e+00 2.059210e+00 4.157307e+00 4.787673e+00 1.745409e+00 -7.250795e+00 -4.517754e+00 -7.250037e+00 -6.607626e+00 -5.015594e+00 -5.032102e+00 -4.794351e-01 -3.305382e-01 1.589445e-02 3.970555e-01 1.092080e-02 -1.524314e-01 -7.707494e-01 2.055723e-01 1.714833e-01 2.785011e-01 -2.319141e-02 1.821805e-01 -2.748993e-01 2.769499e-01
<Variance> 25
 2.118775e+01 2.123255e+01 4.996112e+01 4.386456e+01 3.645174e+01 7.285474e+01 3.839884e+01 5.310039e+01 4.329414e+01 4.379148e+01 4.141565e+01 3.576382e+01 8.231835e-01 9.645832e-01 2.169476e+00 1.880814e+00 2.089021e+00 4.595944e+00 2.753670e+00 3.494451e+00 3.315702e+00 2.942972e+00 2.735322e+00 2.557046e+00 1.026582e+00
<GConst> 1.000519e+02
<State> 4
<Mean> 25
 6.471308e+00 7.116531e-01 -2.705813e-01 6.524140e-01 -1.498280e+00 -5.879606e+00 -2.835489e+00 -7.274299e+00 -4.692998e+00 -3.115241e+00 -1.988929e+00 2.236392e-01 -4.794676e-01 -8.967960e-01 -9.503508e-01 -1.565189e+00 -9.206404e-01 -9.456893e-01 1.018921e+00 5.696042e-01 1.847234e+00 6.290718e-01 1.083341e+00 -5.752099e-01 1.572934e+00
<Variance> 25
 2.158452e+01 2.447447e+01 4.573861e+01 5.124154e+01 4.670142e+01 6.179668e+01 4.888043e+01 5.642745e+01 5.488736e+01 5.620364e+01 5.381336e+01 4.127032e+01 1.280358e+00 1.839126e+00 3.612832e+00 3.645903e+00 3.524773e+00 7.230896e+00 4.944088e+00 5.442902e+00 5.326636e+00 4.959135e+00 5.294726e+00 3.397994e+00 1.528373e+00
<GConst> 1.081592e+02
<TransP> 5
 0.000000e+00 1.000000e+00 0.000000e+00 0.000000e+00 0.000000e+00
 0.000000e+00 4.170277e-01 5.829723e-01 0.000000e+00 0.000000e+00
 0.000000e+00 0.000000e+00 5.553810e-01 4.446190e-01 0.000000e+00
 0.000000e+00 0.000000e+00 0.000000e+00 4.163131e-01 5.836868e-01
 0.000000e+00 0.000000e+00 0.000000e+00 0.000000e+00 0.000000e+00
<EndHMM>
~h "m"
<BeginHMM>
<NumStates> 5
<State> 2
<Mean> 25
 9.318227e+00 3.046372e+00 -7.430521e-02 3.263794e-01 7.178278e-01 2.143490e+00 -4.779434e+00 -3.825122e+00 -5.851931e+00 -6.204894e+00 -9.306640e+00 -2.326782e+00 6.902557e-01 4.606338e-01 1.495428e+00 1.723006e+00 1.953921e+00 2.099963e+00 -1.611611e+00 -7.820481e-01 -1.825684e+00 -1.351387e+00 -2.288772e+00 6.858561e-02 -9.872996e-01
<Variance> 25
 1.210103e+01 1.885483e+01 2.595782e+01 4.507919e+01 3.903359e+01 6.315625e+01 4.254268e+01 5.010720e+01 7.010663e+01 4.700005e+01 7.459155e+01 3.679716e+01 1.129028e+00 1.986079e+00 2.747110e+00 4.545386e+00 3.995568e+00 7.552282e+00 3.896862e+00 4.635747e+00 4.845458e+00 3.714597e+00 6.688732e+00 3.174864e+00 2.637823e+00
<GConst> 1.064834e+02
<State> 3
<Mean> 25
 9.659021e+00 3.697084e+00 2.903781e+00 3.081145e+00 4.327995e+00 4.425566e+00 -6.878550e+00 -5.284823e+00 -8.166771e+00 -8.652558e+00 -1.131224e+01 -1.153297e+00 -1.177084e-02 -1.655569e-02 -1.008608e-01 -3.470637e-02 9.531540e-02 -2.520790e-01 -3.286876e-02 -3.019376e-01 2.642531e-02 -1.138551e-01 3.727010e-01 6.322278e-02 3.279317e-01
<Variance> 25
 7.178957e+00 1.834087e+01 1.471534e+01 2.982784e+01 2.987667e+01 4.258008e+01 4.492010e+01 5.666299e+01 6.236338e+01 5.226758e+01 7.378673e+01 4.085513e+01 3.721683e-01 6.500884e-01 8.456609e-01 1.259178e+00 1.576006e+00 2.465792e+00 1.537230e+00 2.053183e+00 1.736175e+00 1.641569e+00 2.643807e+00 1.488314e+00 9.174097e-01
<GConst> 9.148413e+01
<State> 4
<Mean> 25
 9.418743e+00 2.317575e+00 -5.412616e-01 3.650292e-01 1.671931e+00 5.001681e-01 -5.097170e+00 -6.214031e+00 -5.653895e+00 -6.879023e+00 -7.425197e+00 -2.013326e+00 -7.485890e-01 -1.227905e+00 -1.828723e+00 -1.914320e+00 -1.979107e+00 -3.123368e+00 1.834457e+00 3.327168e-01 2.224541e+00 1.499870e+00 2.733771e+00 -3.329505e-01 2.275141e+00
<Variance> 25
 8.206685e+00 1.918616e+01 2.273086e+01 3.438364e+01 3.189053e+01 5.727928e+01 3.829943e+01 3.910327e+01 5.848117e+01 4.633921e+01 7.044257e+01 3.172913e+01 1.000543e+00 2.070519e+00 2.485106e+00 3.350889e+00 3.083822e+00 4.949343e+00 4.248909e+00 5.080242e+00 6.322217e+00 4.434956e+00 9.367593e+00 3.649580e+00 1.339609e+00
<GConst> 1.039092e+02
<TransP> 5
 0.000000e+00 1.000000e+00 0.000000e+00 0.000000e+00 0.000000e+00
 0.000000e+00 5.428094e-01 4.571906e-01 0.000000e+00 0.000000e+00
 0.000000e+00 0.000000e+00 6.857266e-01 3.142734e-01 0.000000e+00
 0.000000e+00 0.000000e+00 0.000000e+00 5.584228e-01 4.415773e-01
 0.000000e+00 0.000000e+00 0.000000e+00 0.000000e+00 0.000000e+00
<EndHMM>
~h "n"
<BeginHMM>
<NumStates> 5
<State> 2
<Mean> 25
 4.627628e+00 5.599229e-01 -5.932805e-01 -1.109290e+00 -7.039263e-01 -5.967912e+00 -3.502790e+00 -5.545752e+00 -8.242328e-01 -2.069989e+00 -2.597863e+00 -3.383431e+00 4.098929e-01 1.501933e+00 1.424869e+00 1.381921e+00 6.182618e-01 1.014122e+00 -1.103741e+00 -4.891081e-01 -1.229627e+00 -6.994098e-01 -1.360531e+00 1.201211e-01 -1.645164e+00
<Variance> 25
 1.096465e+01 2.406376e+01 3.166977e+01 4.189573e+01 3.911324e+01 7.532082e+01 4.958250e+01 6.156402e+01 4.484571e+01 4.875790e+01 4.597427e+01 3.465532e+01 8.045412e-01 1.495951e+00 2.655930e+00 2.842748e+00 2.138192e+00 3.773687e+00 3.858424e+00 3.012653e+00 4.001236e+00 2.836805e+00 3.647798e+00 2.423019e+00 1.192826e+00
<GConst> 1.013211e+02
<State> 3
<Mean> 25
 6.963432e+00 4.905295e+00 3.957811e+00 2.560325e+00 4.807574e-01 -2.121841e+00 -7.071844e+00 -7.057300e+00 -6.389707e+00 -4.977372e+00 -8.076123e+00 -2.727237e+00 1.976680e-01 1.158747e+00 1.377880e+00 1.086774e+00 4.534854e-01 1.294804e+00 -8.821087e-01 2.750759e-01 -1.122120e+00 -5.648969e-01 -1.208509e+00 9.963045e-02 -1.547477e+00
<Variance> 25
 1.193948e+01 2.183001e+01 2.557419e+01 3.765283e+01 4.233990e+01 5.647877e+01 5.893869e+01 5.119225e+01 5.616679e+01 4.412705e+01 5.182920e+01 4.230789e+01 1.099601e+00 1.553708e+00 2.502117e+00 2.672540e+00 2.276062e+00 3.657213e+00 4.292187e+00 3.722184e+00 3.956537e+00 2.793973e+00 4.412492e+00 2.594113e+00 1.392905e+00
<GConst> 1.021780e+02
<State> 4
<Mean> 25
 5.113571e+00 5.812006e+00 4.938257e+00 3.954805e+00 1.382369e+00 2.077323e-01 -6.277186e+00 -4.506789e+00 -5.929535e+00 -4.144710e+00 -6.964487e+00 -2.376279e+00 -1.166718e+00 -2.484033e-01 2.382782e-01 -5.957654e-02 3.079999e-01 3.136986e-01 1.264226e+00 6.348598e-01 3.426083e-01 3.838732e-01 8.357331e-01 5.093775e-02 -1.108906e-02
<Variance> 25
 2.384191e+01 2.979648e+01 3.150899e+01 4.144102e+01 4.010059e+01 6.804025e+01 6.383451e+01 6.156010e+01 5.721795e+01 5.667670e+01 5.540845e+01 4.571397e+01 2.495709e+00 2.623560e+00 4.601225e+00 4.568923e+00 3.794953e+00 6.154577e+00 5.875607e+00 4.532852e+00 4.248868e+00 4.433457e+00 4.897310e+00 3.388144e+00 5.316539e+00
<GConst> 1.105698e+02
<TransP> 5
 0.000000e+00 1.000000e+00 0.000000e+00 0.000000e+00 0.000000e+00
 0.000000e+00 4.134705e-01 5.865295e-01 0.000000e+00 0.000000e+00
 0.000000e+00 0.000000e+00 5.405751e-01 4.594249e-01 0.000000e+00
 0.000000e+00 0.000000e+00 0.000000e+00 4.143578e-01 5.856421e-01
 0.000000e+00 0.000000e+00 0.000000e+00 0.000000e+00 0.000000e+00
<EndHMM>
~h "o"
<BeginHMM>
<NumStates> 5
<State> 2
<Mean> 25
 5.718319e+00 2.607314e+00 -4.173828e-01 -7.481442e+00 -7.817686e+00 -8.782273e+00 6.742867e-01 -2.289848e+00 -4.408947e+00 -5.038494e+00 -2.043370e+00 -1.146451e+00 1.591599e+00 3.196616e-01 -1.150005e+00 -1.562366e+00 -1.546905e+00 -6.494411e-01 -1.614695e-02 -1.160339e-01 -3.501253e-01 -9.509394e-01 -6.616671e-01 1.557069e-01 6.594729e-01
<Variance> 25
 1.304619e+01 3.429934e+01 2.169953e+01 3.880600e+01 6.759377e+01 5.724955e+01 5.151849e+01 6.390097e+01 4.925590e+01 4.673961e+01 3.161635e+01 3.489458e+01 4.304159e+00 4.634433e+00 3.217920e+00 4.345358e+00 7.554075e+00 8.351351e+00 8.416333e+00 6.796080e+00 4.968761e+00 4.395260e+00 5.364872e+00 4.555626e+00 1.781382e+00
<GConst> 1.105735e+02
<State> 3
<Mean> 25
 6.875297e+00 1.241850e+00 -2.986338e+00 -1.035965e+01 -9.757298e+00 -8.560793e+00 1.895051e+00 -1.859893e+00 -3.884493e+00 -5.940041e+00 -2.079994e+00 -2.559913e-01 4.216713e-01 -3.808858e-04 -5.516967e-01 -5.871601e-01 -5.338247e-01 5.457520e-01 3.017842e-01 4.357950e-01 4.137662e-01 -2.033339e-01 -1.735333e-01 1.932820e-01 2.025476e-02
<Variance> 25
 7.656801e+00 2.472178e+01 1.935488e+01 2.590792e+01 4.743085e+01 5.157803e+01 4.255910e+01 6.333769e+01 5.081170e+01 3.896859e+01 3.456362e+01 3.750014e+01 7.968690e-01 2.236870e+00 1.497833e+00 3.433749e+00 6.914443e+00 4.638039e+00 5.575408e+00 7.826523e+00 4.651303e+00 3.730416e+00 3.352977e+00 3.318521e+00 6.868848e-01
<GConst> 1.022144e+02
<State> 4
<Mean> 25
 7.891240e+00 1.720582e+00 -2.208251e+00 -1.041812e+01 -1.311758e+01 -8.091415e+00 1.919130e+00 2.450417e+00 -8.614942e-01 -4.980273e+00 -2.357684e+00 -1.287302e+00 1.933319e-03 3.456495e-01 3.496246e-01 7.998838e-01 4.819151e-01 3.060465e-01 -4.124025e-01 -2.461386e-01 8.843438e-02 4.608657e-01 -9.613771e-02 -1.384952e-01 -5.368739e-01
<Variance> 25
 8.987678e+00 2.220956e+01 1.991281e+01 2.547169e+01 5.649332e+01 5.057172e+01 4.883823e+01 7.666168e+01 5.179500e+01 3.983508e+01 2.962521e+01 3.263792e+01 4.714935e-01 1.337801e+00 1.107942e+00 1.973420e+00 3.385351e+00 2.707301e+00 2.484327e+00 4.202145e+00 3.056280e+00 2.587569e+00 2.173822e+00 2.220633e+00 5.385133e-01
<GConst> 9.606952e+01
<TransP> 5
 0.000000e+00 1.000000e+00 0.000000e+00 0.000000e+00 0.000000e+00
 0.000000e+00 3.200850e-01 6.799151e-01 0.000000e+00 0.000000e+00
 0.000000e+00 0.000000e+00 2.609755e-01 7.390245e-01 0.000000e+00
 0.000000e+00 0.000000e+00 0.000000e+00 6.577423e-01 3.422576e-01
 0.000000e+00 0.000000e+00 0.000000e+00 0.000000e+00 0.000000e+00
<EndHMM>
~h "p"
<BeginHMM>
<NumStates> 5
<State> 2
<Mean> 25
 8.052148e+00 7.078015e+00 9.658896e-01 3.243093e+00 -3.771805e+00 8.766541e-01 -2.649661e+00 -4.184611e-01 -4.744417e+00 -1.003099e+00 -4.991792e+00 -1.643698e+00 -6.355641e-01 1.856988e+00 1.021299e+00 2.423481e+00 1.083092e+00 1.957854e+00 -1.727171e-01 8.442895e-01 -3.389469e-01 1.333256e+00 -3.679273e-01 2.420887e-01 -3.372375e+00
<Variance> 25
 1.619268e+01 3.499847e+01 3.326993e+01 6.441611e+01 5.774256e+01 5.818895e+01 4.183421e+01 5.163673e+01 5.554094e+01 4.562632e+01 5.252912e+01 3.206175e+01 2.420652e+00 3.079987e+00 2.798914e+00 4.069019e+00 4.186419e+00 6.209865e+00 4.362979e+00 4.373781e+00 4.426229e+00 3.267929e+00 4.853504e+00 2.578923e+00 3.433675e+00
<GConst> 1.081019e+02
<State> 3
<Mean> 25
 1.781711e+00 8.007005e+00 1.389130e+00 8.191309e+00 9.334636e-01 6.698688e+00 -1.089345e+00 2.492648e+00 -2.117949e+00 3.420571e+00 -3.605733e+00 7.767586e-01 -1.945208e+00 -1.217672e+00 -6.154142e-01 -2.797680e-01 1.254989e+00 3.982513e-01 1.124850e+00 5.260897e-01 1.467284e+00 7.600558e-01 1.646084e+00 9.015529e-01 2.478000e-01
<Variance> 25
 1.936203e+01 3.134295e+01 2.905506e+01 3.768848e+01 4.030248e+01 4.022189e+01 4.238264e+01 4.506335e+01 4.015530e+01 3.796331e+01 4.335476e+01 3.033036e+01 1.663947e+00 2.630561e+00 2.420118e+00 3.533928e+00 3.459970e+00 4.059871e+00 3.133415e+00 3.505497e+00 3.407907e+00 3.047889e+00 3.890183e+00 2.141080e+00 4.886579e+00
<GConst> 1.035186e+02
<State> 4
<Mean> 25
 -1.816374e+00 1.825891e+00 -4.019514e-01 3.712398e+00 4.368050e+00 4.024582e+00 1.695769e+00 1.851271e+00 1.528957e+00 2.820796e+00 2.497668e+00 2.459027e+00 9.485908e-01 -1.743461e+00 -6.794489e-01 -2.305849e+00 -5.566002e-01 -3.111372e+00 -6.350385e-01 -2.096836e+00 -1.478549e-01 -1.805980e+00 3.850867e-01 -8.066395e-01 4.682978e+00
<Variance> 25
 2.451230e+01 2.783270e+01 2.300074e+01 4.595778e+01 3.429864e+01 5.382299e+01 3.330597e+01 5.735221e+01 2.581946e+01 4.026031e+01 2.836550e+01 2.183576e+01 3.611762e+00 4.589986e+00 6.226556e+00 8.613324e+00 8.095944e+00 8.833156e+00 5.988020e+00 6.523771e+00 6.104380e+00 4.588828e+00 6.021261e+00 3.434539e+00 6.687021e+00
<GConst> 1.108738e+02
<TransP> 5
 0.000000e+00 1.000000e+00 0.000000e+00 0.000000e+00 0.000000e+00
 0.000000e+00 5.456348e-01 4.543652e-01 0.000000e+00 0.000000e+00
 0.000000e+00 0.000000e+00 6.122494e-01 3.877507e-01 0.000000e+00
 0.000000e+00 0.000000e+00 0.000000e+00 6.087270e-01 3.912731e-01
 0.000000e+00 0.000000e+00 0.000000e+00 0.000000e+00 0.000000e+00
<EndHMM>
~h "s"
<BeginHMM>
<NumStates> 5
<State> 2
<Mean> 25
 -1.352913e+01 2.310671e+00 9.126082e+00 -5.230228e+00 7.638535e+00 1.119473e-01 1.860116e+00 -5.035947e+00 7.961684e-01 -1.255841e+00 1.003730e-01 -2.560257e+00 -4.206133e+00 -1.220590e-02 1.177507e-01 -9.298496e-01 1.696093e+00 9.099643e-01 2.040295e+00 9.723338e-01 1.513735e+00 1.097319e+00 1.392341e+00 7.088656e-01 5.360519e-01
<Variance> 25
 7.827626e+01 4.004068e+01 3.921946e+01 5.031195e+01 4.085940e+01 3.355601e+01 6.660749e+01 4.630350e+01 4.469496e+01 3.663736e+01 3.486779e+01 2.480858e+01 5.689564e+00 2.709683e+00 6.443665e+00 4.456745e+00 3.525887e+00 3.698668e+00 4.272434e+00 4.547386e+00 3.460066e+00 3.194212e+00 3.138579e+00 3.102304e+00 1.753720e+00
<GConst> 1.078737e+02
<State> 3
<Mean> 25
 -2.456278e+01 3.413759e+00 2.574185e+00 -6.833064e+00 1.109414e+01 1.256866e+00 8.325010e+00 1.171715e+00 6.670308e+00 3.628224e+00 6.232505e+00 2.973490e+00 -7.661387e-02 -2.677736e-01 -6.067918e-01 -4.492383e-02 -1.074381e-01 -2.318107e-01 2.745538e-01 3.018090e-01 2.727341e-01 3.137000e-01 6.126739e-01 4.957384e-01 -6.423129e-02
<Variance> 25
 8.703275e+00 4.087048e+01 5.226888e+01 7.733612e+01 2.793997e+01 2.312313e+01 3.059714e+01 3.399710e+01 2.735519e+01 2.482165e+01 1.378119e+01 1.473686e+01 1.382150e+00 1.197350e+00 1.238250e+00 1.288266e+00 1.008740e+00 1.190695e+00 1.405328e+00 1.277575e+00 1.406549e+00 1.381820e+00 1.323723e+00 1.099241e+00 5.161489e-01
<GConst> 8.749543e+01
<State> 4
<Mean> 25
 -1.726581e+01 1.316232e+00 4.344009e+00 -8.194081e+00 8.020447e+00 -1.439576e+00 5.061525e+00 -2.866980e+00 3.154782e+00 1.412130e+00 5.183024e+00 2.024835e+00 5.820498e+00 -1.870421e-01 -4.213720e-01 -3.220936e-01 -2.658962e+00 -1.670018e+00 -2.867459e+00 -2.324744e+00 -3.232167e+00 -1.990028e+00 -1.584365e+00 -6.313965e-01 3.828753e-01
<Variance> 25
 5.583897e+01 3.177989e+01 3.963540e+01 4.363749e+01 2.869050e+01 2.395469e+01 5.558610e+01 4.911853e+01 4.758741e+01 3.465556e+01 2.407805e+01 1.713982e+01 4.277542e+00 3.549291e+00 3.838106e+00 2.877691e+00 3.247200e+00 2.812196e+00 4.163107e+00 4.014315e+00 4.286874e+00 4.120384e+00 3.386379e+00 2.267873e+00 1.222624e+00
<GConst> 1.040206e+02
<TransP> 5
 0.000000e+00 1.000000e+00 0.000000e+00 0.000000e+00 0.000000e+00
 0.000000e+00 7.998663e-01 2.001336e-01 0.000000e+00 0.000000e+00
 0.000000e+00 0.000000e+00 7.777138e-01 2.222862e-01 0.000000e+00
 0.000000e+00 0.000000e+00 0.000000e+00 6.486518e-01 3.513482e-01
 0.000000e+00 0.000000e+00 0.000000e+00 0.000000e+00 0.000000e+00
<EndHMM>
~h "t"
<BeginHMM>
<NumStates> 5
<State> 2
<Mean> 25
 5.526368e+00 5.607681e+00 3.789270e+00 4.050241e+00 1.320878e-01 -5.070934e-01 -5.964710e+00 -5.839363e+00 -5.267264e+00 -1.070844e+00 -3.585234e+00 -6.674278e-01 -4.253571e-01 1.766205e+00 9.452937e-01 1.844307e+00 5.904707e-01 1.948197e+00 2.276070e-01 1.229383e+00 -1.631704e-01 1.328699e+00 -3.717569e-01 1.883777e-01 -3.013237e+00
<Variance> 25
 1.564523e+01 2.935707e+01 3.578730e+01 5.544946e+01 3.774391e+01 6.277513e+01 4.857713e+01 5.444498e+01 4.608379e+01 4.473861e+01 4.721249e+01 3.774326e+01 1.888987e+00 3.297823e+00 3.785437e+00 4.546198e+00 3.804014e+00 5.190321e+00 5.146719e+00 3.733443e+00 4.634084e+00 3.357941e+00 4.733297e+00 2.844154e+00 4.816038e+00
<GConst> 1.079671e+02
<State> 3
<Mean> 25
 1.916870e+00 7.564583e+00 4.158645e+00 7.097385e+00 2.366973e+00 4.166874e+00 -2.914068e+00 -1.305464e+00 -3.469055e+00 1.681038e+00 -4.052473e+00 4.256792e-01 -1.997393e+00 -1.737548e+00 -9.561711e-01 -1.253815e+00 5.194415e-01 -1.130841e-01 1.935818e+00 6.625329e-01 1.700938e+00 8.438186e-01 1.935098e+00 7.017007e-01 1.240239e+00
<Variance> 25
 2.093749e+01 2.375202e+01 2.981474e+01 4.477259e+01 3.415472e+01 4.861832e+01 4.678339e+01 4.784077e+01 4.133515e+01 4.066129e+01 3.645766e+01 2.868258e+01 1.874049e+00 2.789101e+00 3.066819e+00 4.325586e+00 3.668746e+00 5.731390e+00 4.799942e+00 4.885562e+00 4.219754e+00 3.727919e+00 4.618320e+00 3.279535e+00 7.450746e+00
<GConst> 1.067818e+02
<State> 4
<Mean> 25
 -2.734754e+00 9.644111e-02 1.787175e+00 1.605358e-02 2.720591e+00 1.755497e-01 1.166244e+00 -1.895128e+00 1.271844e+00 2.272787e+00 3.225427e+00 2.071314e+00 3.337206e-01 -2.120843e+00 -1.161746e+00 -3.054807e+00 -1.094510e+00 -3.064636e+00 -2.492171e-01 -1.947069e+00 4.218586e-01 -1.045951e+00 1.414026e+00 -1.664514e-01 5.013052e+00
<Variance> 25
 2.364467e+01 1.871390e+01 2.114782e+01 4.257325e+01 2.336434e+01 4.598648e+01 3.905760e+01 6.585941e+01 3.677050e+01 4.024520e+01 2.893922e+01 2.518131e+01 3.400150e+00 3.151747e+00 5.978158e+00 5.355009e+00 4.577400e+00 5.596847e+00 6.341683e+00 5.979476e+00 6.995374e+00 5.370752e+00 6.830890e+00 4.182228e+00 5.085628e+00
<GConst> 1.088869e+02
<TransP> 5
 0.000000e+00 1.000000e+00 0.000000e+00 0.000000e+00 0.000000e+00
 0.000000e+00 5.202858e-01 4.797143e-01 0.000000e+00 0.000000e+00
 0.000000e+00 0.000000e+00 4.639652e-01 5.360348e-01 0.000000e+00
 0.000000e+00 0.000000e+00 0.000000e+00 5.126599e-01 4.873401e-01
 0.000000e+00 0.000000e+00 0.000000e+00 0.000000e+00 0.000000e+00
<EndHMM>
~h "u"
<BeginHMM>
<NumStates> 5
<State> 2
<Mean> 25
 5.591168e+00 5.758059e+00 -1.991438e-01 -5.337573e+00 -6.663948e+00 -6.688430e+00 -5.773217e-01 -5.202832e-01 -2.980351e+00 -3.936991e+00 -2.560694e+00 -1.429510e+00 1.761361e+00 1.053686e+00 -4.434864e-02 -1.102342e+00 -1.930315e+00 -2.239188e+00 -5.126956e-01 -4.977620e-01 -8.513257e-01 -1.266057e+00 -1.081287e+00 -7.443224e-01 8.315135e-01
<Variance> 25
 2.143563e+01 4.582442e+01 3.549746e+01 5.083710e+01 6.613276e+01 7.571214e+01 5.778542e+01 5.831167e+01 5.934062e+01 6.310490e+01 3.613077e+01 3.201328e+01 4.290004e+00 4.348063e+00 4.173410e+00 4.651926e+00 6.093492e+00 8.447451e+00 6.675921e+00 6.493451e+00 5.102111e+00 5.816946e+00 5.058353e+00 3.753793e+00 4.337409e+00
<GConst> 1.136614e+02
<State> 3
<Mean> 25
 7.624114e+00 7.141859e+00 -6.745163e-02 -7.782396e+00 -1.170699e+01 -1.076533e+01 4.912984e-01 5.124661e-01 -2.755052e+00 -4.651701e+00 -2.977185e+00 -2.808496e+00 4.987999e-02 -1.402343e-01 -1.359894e-01 5.903272e-02 1.869939e-01 2.292126e-01 1.124553e-01 -1.546926e-01 -1.667650e-01 -3.763724e-02 -4.063278e-02 2.026063e-01 4.222704e-02
<Variance> 25
 9.198053e+00 3.842085e+01 3.938472e+01 3.505129e+01 5.533646e+01 6.517692e+01 5.552312e+01 5.103225e+01 5.858623e+01 5.674221e+01 3.867609e+01 3.611610e+01 5.517066e-01 2.387351e+00 2.077654e+00 2.513850e+00 3.690724e+00 3.390278e+00 3.058245e+00 3.735869e+00 3.447691e+00 3.178355e+00 2.657333e+00 2.332817e+00 1.613281e+00
<GConst> 1.021233e+02
<State> 4
<Mean> 25
 6.228407e+00 4.235101e+00 -2.089316e+00 -5.178456e+00 -5.698591e+00 -4.820294e+00 4.957265e-01 -1.702618e+00 -3.908338e+00 -4.035275e+00 -2.970375e+00 2.973130e-02 -8.262447e-01 -4.946277e-01 6.120728e-01 1.643729e+00 1.925722e+00 1.342556e+00 -5.785321e-01 -7.717113e-01 -3.924562e-01 5.897371e-01 3.069616e-01 1.946062e-01 -5.040699e-01
<Variance> 25
 1.457185e+01 3.887267e+01 3.432348e+01 5.193356e+01 6.928555e+01 8.118225e+01 5.924821e+01 8.645579e+01 6.631760e+01 7.036032e+01 4.581964e+01 3.846113e+01 1.959726e+00 3.994221e+00 4.163915e+00 4.716093e+00 4.527273e+00 6.419198e+00 5.277211e+00 5.552030e+00 4.870830e+00 4.355475e+00 4.271689e+00 3.402697e+00 3.033767e+00
<GConst> 1.114940e+02
<TransP> 5
 0.000000e+00 1.000000e+00 0.000000e+00 0.000000e+00 0.000000e+00
 0.000000e+00 4.399756e-01 5.600244e-01 0.000000e+00 0.000000e+00
 0.000000e+00 0.000000e+00 6.334573e-01 3.665427e-01 0.000000e+00
 0.000000e+00 0.000000e+00 0.000000e+00 4.235345e-01 5.764654e-01
 0.000000e+00 0.000000e+00 0.000000e+00 0.000000e+00 0.000000e+00
<EndHMM>
~h "x"
<BeginHMM>
<NumStates> 5
<State> 2
<Mean> 25
 1.358189e+00 -4.077866e-02 -7.120411e-01 -5.244877e+00 -2.396099e+00 3.059766e+00 7.156156e+00 2.315694e+00 1.501801e-01 -4.313481e+00 -1.003448e+00 -1.972910e+00 -2.075526e+00 -1.228167e+00 -1.463336e-01 5.121467e-02 1.245783e+00 1.564873e+00 2.159225e+00 1.226515e+00 1.189902e+00 1.277854e+00 1.483117e+00 8.606296e-01 -2.979882e-01
<Variance> 25
 2.108293e+01 4.921242e+01 2.655920e+01 3.910904e+01 6.686745e+01 6.518208e+01 5.136487e+01 5.011444e+01 3.836175e+01 4.697567e+01 4.005670e+01 3.500519e+01 1.895424e+00 2.928874e+00 2.849196e+00 4.274743e+00 4.590813e+00 4.307631e+00 4.791321e+00 4.787848e+00 3.680820e+00 4.352854e+00 4.861819e+00 3.559420e+00 1.316562e+00
<GConst> 1.070441e+02
<State> 3
<Mean> 25
 -4.451292e+00 -4.439004e+00 -2.822666e+00 -4.499249e+00 1.211658e+00 5.910790e+00 8.691673e+00 5.312999e+00 4.559310e+00 1.842577e+00 5.178936e+00 3.338891e+00 -2.424957e-01 -3.996074e-01 -3.491054e-01 -3.662293e-01 -4.929678e-02 -6.892795e-02 7.111989e-02 2.992964e-01 4.857511e-01 4.748410e-01 4.661202e-01 4.720168e-01 -1.104339e-01
<Variance> 25
 1.474106e+01 7.093509e+01 2.764987e+01 5.669603e+01 6.229585e+01 6.792490e+01 5.981926e+01 3.770327e+01 2.852936e+01 4.061517e+01 3.804600e+01 2.240582e+01 1.380053e+00 1.424853e+00 1.202225e+00 1.548241e+00 1.613010e+00 1.782353e+00 1.909588e+00 2.023467e+00 1.822028e+00 2.096127e+00 2.463468e+00 1.886705e+00 8.074933e-01
<GConst> 9.649905e+01
<State> 4
<Mean> 25
 -1.119948e+00 -4.290049e+00 -3.094448e+00 -6.631521e+00 -8.112068e-01 4.689259e+00 8.437660e+00 4.652242e+00 3.715161e+00 -7.802247e-01 2.147751e+00 1.132235e+00 2.593069e+00 1.573802e+00 1.690400e-01 -5.027913e-01 -1.561772e+00 -1.593164e+00 -1.834231e+00 -1.491682e+00 -1.289808e+00 -2.062476e+00 -2.229322e+00 -1.481461e+00 8.429048e-01
<Variance> 25
 1.997241e+01 6.431037e+01 2.954655e+01 4.242744e+01 6.803510e+01 5.224620e+01 4.326541e+01 4.789835e+01 3.796339e+01 5.324515e+01 4.791324e+01 3.496166e+01 2.012029e+00 3.645046e+00 2.396986e+00 3.614386e+00 3.433473e+00 3.982318e+00 4.640775e+00 3.890105e+00 3.339646e+00 3.407091e+00 3.331636e+00 2.297047e+00 2.102386e+00
<GConst> 1.059566e+02
<TransP> 5
 0.000000e+00 1.000000e+00 0.000000e+00 0.000000e+00 0.000000e+00
 0.000000e+00 6.575906e-01 3.424094e-01 0.000000e+00 0.000000e+00
 0.000000e+00 0.000000e+00 7.709159e-01 2.290841e-01 0.000000e+00
 0.000000e+00 0.000000e+00 0.000000e+00 6.202596e-01 3.797404e-01
 0.000000e+00 0.000000e+00 0.000000e+00 0.000000e+00 0.000000e+00
<EndHMM>
~h "y"
<BeginHMM>
<NumStates> 5
<State> 2
<Mean> 25
 -1.252303e+00 -1.771590e+00 8.238163e+00 7.361446e+00 6.160584e+00 -1.064435e+01 -8.588355e+00 -6.020716e+00 -5.641692e+00 -3.320654e+00 -4.906021e+00 -5.766272e+00 3.441799e+00 1.241344e+00 -3.010006e-01 1.363002e+00 -3.971080e-01 -1.723142e+00 -1.903417e+00 -2.348123e+00 -2.282820e+00 -1.503118e+00 -2.004926e+00 -1.370055e+00 8.498124e-02
<Variance> 25
 3.281127e+01 2.570679e+01 4.132582e+01 3.422407e+01 7.869028e+01 4.609501e+01 4.842228e+01 4.548893e+01 3.520480e+01 3.729890e+01 3.653450e+01 3.309848e+01 7.593723e+00 3.174072e+00 4.866030e+00 3.804380e+00 4.950078e+00 4.165583e+00 6.035848e+00 5.960670e+00 4.413532e+00 5.003915e+00 4.569823e+00 3.688958e+00 2.491939e+00
<GConst> 1.096531e+02
<State> 3
<Mean> 25
 2.389649e+00 1.458849e+00 8.702900e+00 8.929054e+00 -2.070444e+00 -1.217679e+01 -5.981732e+00 -8.655474e+00 -8.138378e+00 -4.427646e+00 -3.199986e+00 -3.916309e+00 7.424583e-01 1.548456e-03 -8.208666e-01 3.313548e-01 -2.129640e-01 -7.161086e-01 2.841937e-02 -2.244184e-02 2.162150e-01 -4.201231e-03 -1.060676e-01 7.913631e-02 3.364759e-03
<Variance> 25
 9.422585e+00 3.334198e+01 5.142861e+01 3.868513e+01 1.411332e+02 5.186255e+01 3.777208e+01 5.118613e+01 2.837795e+01 4.412293e+01 6.043053e+01 4.923141e+01 1.569624e+00 1.551049e+00 2.992560e+00 2.418568e+00 3.058840e+00 2.051704e+00 2.994069e+00 3.236973e+00 2.375033e+00 2.512969e+00 2.591561e+00 2.504783e+00 7.921041e-01
<GConst> 1.012894e+02
<State> 4
<Mean> 25
 3.048053e+00 -2.973568e-01 4.328917e+00 1.031275e+01 5.978632e+00 -1.500288e+01 -8.356485e+00 -7.431008e+00 -4.165693e+00 -2.387001e+00 -6.603140e+00 -5.761064e+00 3.640852e-02 2.844219e-02 -4.669684e-01 -6.707298e-01 -3.623964e-01 7.065019e-01 3.035071e-01 -2.533403e-02 3.150345e-01 3.844277e-01 6.132092e-01 3.566133e-01 -7.263877e-02
<Variance> 25
 7.410123e+00 2.869634e+01 3.240437e+01 4.684985e+01 5.613971e+01 3.516012e+01 2.918308e+01 4.728947e+01 3.889987e+01 4.460018e+01 3.906848e+01 3.563562e+01 5.115934e-01 1.479181e+00 1.898638e+00 2.185121e+00 2.528620e+00 2.818673e+00 2.298671e+00 3.055185e+00 2.401264e+00 2.461327e+00 2.254873e+00 2.096072e+00 1.237944e+00
<GConst> 9.674728e+01
<TransP> 5
 0.000000e+00 1.000000e+00 0.000000e+00 0.000000e+00 0.000000e+00
 0.000000e+00 4.851626e-01 5.148374e-01 0.000000e+00 0.000000e+00
 0.000000e+00 0.000000e+00 4.660536e-01 5.339465e-01 0.000000e+00
 0.000000e+00 0.000000e+00 0.000000e+00 8.074772e-01 1.925228e-01
 0.000000e+00 0.000000e+00 0.000000e+00 0.000000e+00 0.000000e+00
<EndHMM>
~h "laugh"
<BeginHMM>
<NumStates> 5
<State> 2
<Mean> 25
 1.308898e-01 4.407695e+00 6.164397e+00 6.873693e+00 7.475672e+00 4.561427e+00 4.186729e+00 4.201140e+00 1.741775e+00 1.273039e+00 9.617083e-01 1.557271e+00 -1.619423e-02 1.043634e-02 -3.279839e-02 5.478944e-03 1.722939e-02 1.546016e-02 3.575483e-02 6.282187e-02 6.958365e-02 7.696594e-02 6.463683e-02 4.477917e-02 -2.016013e-01
<Variance> 25
 2.126154e+01 2.176566e+01 2.308778e+01 1.991090e+01 3.025919e+01 2.574180e+01 2.606204e+01 2.808623e+01 2.837764e+01 3.427613e+01 2.385568e+01 2.036270e+01 5.060064e-01 6.810029e-01 8.187946e-01 1.032827e+00 1.389741e+00 1.594536e+00 1.682364e+00 1.682619e+00 1.729305e+00 1.762614e+00 1.596402e+00 1.414849e+00 1.123005e+00
<GConst> 8.718272e+01
<State> 3
<Mean> 25
 1.086255e+00 -3.444057e+00 -3.643520e+00 -3.258229e-01 -8.367449e-01 -3.860886e+00 -1.409535e+00 -1.715146e+00 1.360691e+00 -8.020979e-01 -2.063041e+00 -1.300302e+00 2.222299e-04 -5.159181e-02 -3.214992e-02 -2.652035e-02 -1.614371e-02 -2.575523e-04 1.191752e-03 1.708912e-02 4.146176e-02 6.320528e-04 -1.589914e-02 -7.865106e-03 -2.520481e-02
<Variance> 25
 4.315716e+01 4.429416e+01 5.611147e+01 6.371170e+01 9.073957e+01 9.802730e+01 7.625025e+01 8.956502e+01 7.786357e+01 7.703717e+01 6.634733e+01 5.945661e+01 2.931134e+00 3.264597e+00 3.671888e+00 4.657755e+00 7.194716e+00 7.198976e+00 5.487810e+00 6.689366e+00 5.825801e+00 5.753626e+00 5.224271e+00 4.362719e+00 6.939074e+00
<GConst> 1.178098e+02
<State> 4
<Mean> 25
 -3.438959e+00 -4.581628e+00 -2.404894e+00 2.605282e+00 5.370144e+00 2.135802e+00 2.705307e+00 5.378086e+00 6.070327e+00 3.298659e+00 9.674025e-01 2.855415e+00 -8.214511e-02 1.378426e-02 -5.454756e-02 -6.563910e-02 -6.723020e-02 -2.995613e-02 8.164489e-03 -2.072649e-02 -2.503311e-02 7.587002e-02 8.176615e-02 6.651142e-02 -2.831582e-01
<Variance> 25
 2.533042e+01 3.098257e+01 3.000614e+01 3.095626e+01 4.019671e+01 4.613441e+01 3.844774e+01 4.234581e+01 4.203744e+01 4.513235e+01 3.812264e+01 3.876007e+01 7.933050e-01 1.215401e+00 1.219859e+00 1.472366e+00 1.921122e+00 2.026465e+00 2.090768e+00 2.203301e+00 2.328192e+00 2.387842e+00 2.301816e+00 2.050672e+00 1.685724e+00
<GConst> 9.643859e+01
<TransP> 5
 0.000000e+00 1.000000e+00 0.000000e+00 0.000000e+00 0.000000e+00
 0.000000e+00 9.357172e-01 6.428280e-02 0.000000e+00 0.000000e+00
 0.000000e+00 0.000000e+00 9.691849e-01 3.081512e-02 0.000000e+00
 0.000000e+00 0.000000e+00 0.000000e+00 9.494476e-01 5.055247e-02
 0.000000e+00 0.000000e+00 0.000000e+00 0.000000e+00 0.000000e+00
<EndHMM>
~h "@`"
<BeginHMM>
<NumStates> 5
<State> 2
<Mean> 25
 4.989059e+00 -1.857631e+00 -1.017021e+01 -3.454913e+00 -2.173637e+00 7.668371e+00 4.357688e+00 5.990388e+00 4.905928e+00 3.043101e+00 2.361583e+00 3.081866e+00 1.247522e+00 -1.062333e+00 -1.405540e+00 -1.553237e+00 -2.571785e-01 -7.637665e-01 -1.724245e-01 -5.974600e-01 1.063798e-01 -1.213764e+00 -1.846048e-01 -9.638188e-01 2.344648e+00
<Variance> 25
 4.321442e+01 5.194291e+01 3.792461e+01 6.529016e+01 5.414579e+01 5.673119e+01 5.147842e+01 7.091386e+01 4.184573e+01 6.632526e+01 3.636885e+01 3.252959e+01 4.451100e+00 4.358284e+00 3.498594e+00 6.705801e+00 3.842826e+00 5.781758e+00 5.104833e+00 5.583652e+00 4.042356e+00 5.708209e+00 3.621187e+00 3.361491e+00 1.014434e+01
<GConst> 1.132411e+02
<State> 3
<Mean> 25
 1.036128e+01 -6.315336e+00 -1.698677e+01 -1.060776e+01 -6.382009e-01 8.143123e-01 3.363682e+00 -8.567010e-01 4.263501e+00 -3.464227e+00 -2.166229e-01 -2.778615e+00 -1.130800e-03 5.239249e-01 -3.007991e-01 -8.628100e-02 4.446727e-01 -4.523731e-01 -6.769953e-01 -2.630892e-01 -2.366154e-01 -4.789507e-02 2.477221e-02 1.209188e-01 -6.537370e-02
<Variance> 25
 6.783040e+00 2.929107e+01 1.873842e+01 6.214223e+01 4.183711e+01 3.392176e+01 6.951993e+01 5.263949e+01 5.660817e+01 5.211410e+01 4.824688e+01 3.713025e+01 2.994909e-01 1.089679e+00 8.899500e-01 1.452892e+00 1.355975e+00 1.677504e+00 2.503629e+00 2.473301e+00 1.958274e+00 1.952023e+00 1.985963e+00 2.105242e+00 5.323193e-01
<GConst> 9.316516e+01
<State> 4
<Mean> 25
 8.736519e+00 1.037732e+00 -1.425800e+01 -9.376408e+00 1.180171e+00 -4.029068e+00 -5.837497e+00 -2.119323e+00 5.001395e-01 -2.821767e+00 1.102895e+00 -3.363722e-01 -6.865029e-01 9.941118e-01 1.999165e+00 1.259158e+00 -1.422405e-01 -8.605456e-01 -7.797819e-01 -7.672244e-01 -1.067604e+00 1.192500e-01 -5.487292e-01 1.944020e-01 -8.452661e-01
<Variance> 25
 8.727969e+00 3.517257e+01 3.372680e+01 7.896931e+01 6.136301e+01 5.368705e+01 4.295130e+01 7.725844e+01 5.925754e+01 6.840519e+01 4.569106e+01 3.355142e+01 7.240197e-01 1.295355e+00 2.952770e+00 2.953259e+00 3.708795e+00 3.811471e+00 3.535780e+00 3.998088e+00 4.822053e+00 3.240654e+00 2.940225e+00 2.511308e+00 6.825351e-01
<GConst> 1.031759e+02
<TransP> 5
 0.000000e+00 1.000000e+00 0.000000e+00 0.000000e+00 0.000000e+00
 0.000000e+00 8.065757e-01 1.934244e-01 0.000000e+00 0.000000e+00
 0.000000e+00 0.000000e+00 8.610778e-01 1.389223e-01 0.000000e+00
 0.000000e+00 0.000000e+00 0.000000e+00 7.876899e-01 2.123102e-01
 0.000000e+00 0.000000e+00 0.000000e+00 0.000000e+00 0.000000e+00
<EndHMM>
~h "noise"
<BeginHMM>
<NumStates> 5
<State> 2
<Mean> 25
 3.623795e+00 5.488776e-01 1.360894e+00 -3.952664e+00 -9.502697e+00 -4.360129e+00 -2.768163e+00 -3.374472e+00 -2.375223e+00 -3.717453e+00 3.798040e-01 -3.927777e+00 1.574309e+00 -1.127503e+00 -1.412908e+00 -1.147357e+00 -9.125373e-01 2.754879e-01 -3.154939e-02 -1.814710e-01 8.307425e-01 -7.287291e-01 2.157094e-02 -1.038161e+00 1.535153e+00
<Variance> 25
 2.803021e+01 5.017640e+01 6.953449e+01 5.724098e+01 5.923886e+01 5.694350e+01 4.445127e+01 5.722951e+01 4.734293e+01 3.565523e+01 4.103484e+01 3.975963e+01 4.790502e+00 3.822424e+00 3.598832e+00 4.030802e+00 8.459442e+00 5.847643e+00 5.323286e+00 6.083026e+00 4.947536e+00 4.960328e+00 5.166094e+00 4.029151e+00 3.666974e+00
<GConst> 1.127750e+02
<State> 3
<Mean> 25
 7.986490e+00 -5.486775e+00 -8.529275e+00 -8.555338e+00 1.836513e-01 4.155877e+00 3.641477e+00 -4.859690e+00 1.149061e+00 -2.635502e+00 -4.214061e-01 -2.308882e+00 7.424296e-02 -4.233668e-03 -7.938448e-02 1.923603e-01 1.726165e-01 2.774310e-01 -1.881037e-02 -1.618829e-02 1.170177e-01 2.578717e-01 1.958482e-02 -1.592258e-02 -1.907299e-01
<Variance> 25
 1.323822e+01 3.825660e+01 2.613950e+01 6.489582e+01 7.101494e+01 5.177076e+01 7.390285e+01 5.015667e+01 4.056990e+01 4.124289e+01 6.526233e+01 4.878207e+01 5.859540e-01 1.436719e+00 1.193943e+00 2.222679e+00 2.985014e+00 2.740815e+00 3.463185e+00 2.597087e+00 2.412192e+00 3.015600e+00 2.473006e+00 2.638766e+00 8.134503e-01
<GConst> 1.002824e+02
<State> 4
<Mean> 25
 3.947464e+00 -1.942042e+00 5.390121e-01 -1.856264e+00 -9.298279e+00 -5.227044e+00 -1.311804e+00 -6.632125e-01 -1.615918e-01 -2.985255e+00 4.173407e-01 -5.200375e+00 -3.070171e-01 1.003617e+00 1.182867e+00 1.057561e+00 -3.508145e-03 -7.258429e-01 -6.183704e-01 -6.321250e-02 -7.617568e-01 2.302505e-02 -4.360958e-01 7.530708e-02 -9.824721e-01
<Variance> 25
 1.393656e+01 3.388311e+01 5.677933e+01 3.935710e+01 5.451023e+01 4.748015e+01 6.586823e+01 4.796956e+01 4.629900e+01 3.824794e+01 4.395789e+01 3.512212e+01 9.509062e-01 1.786939e+00 2.354269e+00 2.450409e+00 4.194833e+00 3.432178e+00 3.194397e+00 3.535059e+00 2.881248e+00 2.310453e+00 3.876558e+00 2.645904e+00 1.015344e+00
<GConst> 1.021671e+02
<TransP> 5
 0.000000e+00 1.000000e+00 0.000000e+00 0.000000e+00 0.000000e+00
 0.000000e+00 6.905998e-01 3.094001e-01 0.000000e+00 0.000000e+00
 0.000000e+00 0.000000e+00 8.112680e-01 1.887320e-01 0.000000e+00
 0.000000e+00 0.000000e+00 0.000000e+00 7.420533e-01 2.579467e-01
 0.000000e+00 0.000000e+00 0.000000e+00 0.000000e+00 0.000000e+00
<EndHMM>
~h "i`"
<BeginHMM>
<NumStates> 5
<State> 2
<Mean> 25
 -2.786524e+00 -5.515403e+00 1.126849e+01 4.510286e+00 2.987949e+00 -5.762262e+00 -7.517776e+00 -9.598432e+00 -7.540302e+00 -6.391155e+00 1.412578e+00 -3.830825e+00 5.746003e+00 2.201984e+00 -2.579921e+00 -7.649585e-02 -1.381134e+00 -2.155876e+00 -2.958238e+00 -2.500209e+00 -2.176732e+00 -1.578161e+00 -2.511564e+00 -2.062197e-01 -4.271630e-01
<Variance> 25
 4.207397e+01 1.309376e+01 4.641614e+01 2.330491e+01 2.916989e+01 3.181479e+01 4.055911e+01 2.579317e+01 3.182594e+01 2.780411e+01 3.015094e+01 2.957788e+01 2.195902e+00 3.732415e+00 3.145171e+00 2.416029e+00 3.205512e+00 3.354600e+00 3.828474e+00 3.964710e+00 3.341628e+00 2.921188e+00 4.589642e+00 3.806165e+00 4.248091e-01
<GConst> 1.001189e+02
<State> 3
<Mean> 25
 5.144369e+00 -5.497897e+00 3.389138e+00 5.589404e+00 -1.981317e+00 -8.619360e+00 -7.435411e+00 -9.974845e+00 -7.274701e+00 -4.446921e+00 1.277378e+00 -8.754106e-01 1.410920e+00 5.554495e-01 -1.851671e+00 1.231310e-01 -4.850189e-01 -4.572675e-01 2.552625e-02 -1.259283e-01 1.288615e-01 4.039615e-01 -2.861316e-01 4.907005e-01 -3.241069e-01
<Variance> 25
 1.248289e+01 1.802278e+01 5.158767e+01 2.633512e+01 7.441272e+01 3.147484e+01 4.666309e+01 3.752653e+01 3.129768e+01 3.026406e+01 3.543781e+01 3.303093e+01 2.125806e+00 1.574729e+00 3.589084e+00 2.145117e+00 1.909988e+00 2.528220e+00 2.461740e+00 2.302718e+00 1.896546e+00 2.189196e+00 2.284473e+00 2.487683e+00 4.576607e-01
<GConst> 9.666098e+01
<State> 4
<Mean> 25
 5.850260e+00 -2.187447e+00 -7.850373e-01 6.064501e+00 1.157039e+00 -6.605107e+00 -8.151969e+00 -8.748142e+00 -5.128041e+00 -1.733354e+00 -8.118863e-02 8.708582e-01 -4.220370e-01 1.028889e+00 4.334534e-01 -5.185277e-01 -4.058472e-02 9.972001e-01 8.323296e-01 9.705848e-01 2.811213e-01 5.950222e-01 -2.003354e-01 2.847254e-02 -9.284230e-01
<Variance> 25
 1.639673e+01 2.550827e+01 4.742247e+01 4.524739e+01 4.027739e+01 6.520660e+01 5.763318e+01 6.479479e+01 5.386274e+01 5.504822e+01 5.693541e+01 5.439086e+01 1.425608e+00 2.162608e+00 2.982081e+00 2.441737e+00 2.861309e+00 3.657799e+00 3.118135e+00 3.463636e+00 2.600924e+00 2.486619e+00 2.966034e+00 2.368158e+00 1.746270e+00
<GConst> 1.039982e+02
<TransP> 5
 0.000000e+00 1.000000e+00 0.000000e+00 0.000000e+00 0.000000e+00
 0.000000e+00 4.994992e-01 5.005008e-01 0.000000e+00 0.000000e+00
 0.000000e+00 0.000000e+00 6.028746e-01 3.971254e-01 0.000000e+00
 0.000000e+00 0.000000e+00 0.000000e+00 6.896404e-01 3.103596e-01
 0.000000e+00 0.000000e+00 0.000000e+00 0.000000e+00 0.000000e+00
<EndHMM>
~h "s`"
<BeginHMM>
<NumStates> 5
<State> 2
<Mean> 25
 -8.780068e+00 -6.849098e+00 9.400676e+00 4.233452e+00 6.555830e+00 -1.020278e+00 -1.105148e+00 -3.430506e+00 -2.551419e+00 -3.141827e+00 3.243800e+00 -3.301054e+00 -4.901501e+00 -2.787452e+00 2.076988e+00 6.011547e-01 1.410972e+00 1.581382e+00 1.792748e+00 1.232042e+00 1.143895e+00 1.235249e+00 2.253439e+00 2.719227e-01 1.270643e+00
<Variance> 25
 7.092746e+01 4.043994e+01 4.190141e+01 2.986819e+01 3.484109e+01 4.593111e+01 4.870140e+01 4.674258e+01 4.359574e+01 4.313371e+01 4.414462e+01 3.482626e+01 2.645646e+00 3.233490e+00 5.319350e+00 3.205492e+00 3.004699e+00 3.897912e+00 3.763474e+00 3.573330e+00 3.288010e+00 3.048942e+00 3.730314e+00 3.708873e+00 1.297185e+00
<GConst> 1.062606e+02
<State> 3
<Mean> 25
 -2.145057e+01 -1.474841e+01 1.036315e+01 3.548276e+00 7.231157e+00 2.451979e+00 4.362767e+00 1.873310e+00 3.489037e+00 2.062463e+00 1.097154e+01 6.813558e-01 -3.518713e-01 -4.409226e-01 -2.963395e-01 -2.793803e-01 -1.885823e-01 -3.617237e-02 2.001826e-01 3.431058e-01 5.095911e-01 5.425853e-01 5.740482e-01 5.180534e-01 -1.754088e-01
<Variance> 25
 9.997480e+00 3.408808e+01 2.722692e+01 2.350134e+01 2.393656e+01 2.682363e+01 4.052028e+01 3.102557e+01 3.223988e+01 2.672311e+01 2.746376e+01 2.516143e+01 1.819178e+00 8.061239e-01 8.436151e-01 8.479820e-01 8.785110e-01 9.804603e-01 1.246655e+00 1.398763e+00 1.458336e+00 1.456430e+00 1.336666e+00 1.225169e+00 3.712121e-01
<GConst> 8.584798e+01
<State> 4
<Mean> 25
 -1.531098e+01 -1.227606e+01 9.189412e+00 2.612563e+00 6.599820e+00 2.868677e-01 1.664532e+00 -8.471747e-01 1.201519e+00 1.539622e+00 9.105630e+00 1.386115e-01 5.593973e+00 2.795705e+00 -1.199337e+00 -5.576000e-01 -1.463133e+00 -1.880823e+00 -2.808363e+00 -2.718431e+00 -2.564591e+00 -2.111886e+00 -2.584876e+00 -9.380009e-01 -6.694731e-01
<Variance> 25
 4.959417e+01 3.632301e+01 2.985669e+01 3.044465e+01 2.859271e+01 3.511347e+01 4.845649e+01 5.223658e+01 4.409175e+01 3.634447e+01 3.869672e+01 3.036956e+01 3.530445e+00 2.903090e+00 5.055483e+00 2.533308e+00 2.893885e+00 2.433518e+00 2.616712e+00 2.572076e+00 2.475070e+00 2.260750e+00 3.051941e+00 2.675735e+00 5.659590e-01
<GConst> 1.014407e+02
<TransP> 5
 0.000000e+00 1.000000e+00 0.000000e+00 0.000000e+00 0.000000e+00
 0.000000e+00 7.505087e-01 2.494913e-01 0.000000e+00 0.000000e+00
 0.000000e+00 0.000000e+00 7.998793e-01 2.001206e-01 0.000000e+00
 0.000000e+00 0.000000e+00 0.000000e+00 5.984858e-01 4.015142e-01
 0.000000e+00 0.000000e+00 0.000000e+00 0.000000e+00 0.000000e+00
<EndHMM>
~h "sp"
<BeginHMM>
<NumStates> 3
<State> 2
~s "silst"
<TransP> 3
 0.000000e+00 4.222542e-01 5.777459e-01
 0.000000e+00 7.643714e-01 2.356286e-01
 0.000000e+00 0.000000e+00 0.000000e+00
<EndHMM>
~h "ss"
<BeginHMM>
<NumStates> 5
<State> 2
<Mean> 25
 -1.274845e+01 1.923733e+00 1.273361e+01 -2.226652e+00 6.329599e+00 -2.023849e+00 -5.728637e-01 -3.921620e+00 4.488000e-01 -2.313673e+00 -2.221416e+00 -3.669717e+00 -4.637973e+00 -4.351889e-01 7.061353e-01 -1.175411e+00 1.518592e+00 1.374650e+00 1.963952e+00 1.440537e+00 1.892468e+00 1.208527e+00 1.103209e+00 6.988621e-01 8.482741e-01
<Variance> 25
 6.953639e+01 5.071959e+01 3.646718e+01 3.739993e+01 2.827131e+01 3.600949e+01 4.805094e+01 4.214037e+01 4.579869e+01 4.085300e+01 2.947663e+01 2.884081e+01 2.780932e+00 3.384084e+00 6.509184e+00 3.139652e+00 3.128645e+00 3.526583e+00 3.598922e+00 3.518262e+00 2.999068e+00 3.246559e+00 3.106661e+00 3.385500e+00 1.516393e+00
<GConst> 1.053957e+02
<State> 3
<Mean> 25
 -2.428299e+01 5.885245e-01 9.361240e+00 -5.974858e+00 8.661130e+00 8.595686e-01 5.697946e+00 2.871213e+00 6.930367e+00 2.841100e+00 3.185787e+00 1.890978e+00 -2.681129e-01 -7.091983e-01 -1.926821e-01 -6.229957e-02 -3.572873e-01 -2.420502e-01 6.966759e-02 5.109676e-01 5.059142e-01 3.475799e-01 4.463214e-01 5.735554e-01 2.317038e-02
<Variance> 25
 1.114858e+01 8.055648e+01 3.956200e+01 4.074388e+01 2.354249e+01 2.111042e+01 3.690870e+01 1.927798e+01 3.048277e+01 2.957618e+01 1.765215e+01 1.526001e+01 1.793086e+00 1.392939e+00 1.376824e+00 1.185267e+00 1.478368e+00 1.387175e+00 1.423274e+00 1.479627e+00 1.463385e+00 1.499357e+00 1.399772e+00 1.240307e+00 4.936871e-01
<GConst> 8.880823e+01
<State> 4
<Mean> 25
 -1.934688e+01 -3.151497e+00 1.174069e+01 -3.659124e+00 5.563816e+00 -1.848259e+00 2.389943e+00 1.275769e+00 5.786698e+00 1.162310e+00 1.802351e+00 1.014954e+00 5.157262e+00 1.775474e-01 4.366961e-01 1.752920e+00 -1.725914e+00 -2.336931e+00 -3.172356e+00 -2.460745e+00 -2.606246e+00 -2.109481e+00 -1.903072e+00 -1.466184e+00 -3.057133e-01
<Variance> 25
 2.748690e+01 4.354181e+01 3.290627e+01 3.689248e+01 1.961353e+01 2.288665e+01 3.661366e+01 2.907181e+01 4.002938e+01 3.788762e+01 2.500689e+01 2.111617e+01 3.926959e+00 3.196953e+00 3.563430e+00 3.311236e+00 3.714387e+00 2.386806e+00 3.245727e+00 2.673029e+00 3.267190e+00 2.902225e+00 2.951783e+00 1.987574e+00 7.980769e-01
<GConst> 9.994042e+01
<TransP> 5
 0.000000e+00 1.000000e+00 0.000000e+00 0.000000e+00 0.000000e+00
 0.000000e+00 7.631229e-01 2.368771e-01 0.000000e+00 0.000000e+00
 0.000000e+00 0.000000e+00 7.487918e-01 2.512081e-01 0.000000e+00
 0.000000e+00 0.000000e+00 0.000000e+00 5.913767e-01 4.086233e-01
 0.000000e+00 0.000000e+00 0.000000e+00 0.000000e+00 0.000000e+00
<EndHMM>
~h "ts"
<BeginHMM>
<NumStates> 5
<State> 2
<Mean> 25
 -2.551998e+00 8.660136e+00 6.231750e+00 1.555835e-01 4.498040e+00 -2.013612e+00 -1.722477e+00 -7.531221e+00 -3.744071e+00 -3.038151e+00 -3.303933e+00 -1.829587e+00 -3.510576e+00 1.553288e+00 1.038502e+00 3.885402e-01 1.923334e+00 9.310468e-01 1.779574e+00 6.189756e-01 1.366447e+00 7.402654e-01 6.381355e-01 1.183650e-01 -1.250995e+00
<Variance> 25
 3.655865e+01 3.995021e+01 3.591500e+01 6.438296e+01 4.794366e+01 5.353984e+01 5.349019e+01 5.536591e+01 3.942222e+01 4.667660e+01 3.067635e+01 3.228976e+01 3.993318e+00 5.569557e+00 4.753298e+00 5.521736e+00 3.645721e+00 4.531757e+00 5.030270e+00 4.703129e+00 4.421050e+00 3.633271e+00 4.822360e+00 3.136142e+00 5.189659e+00
<GConst> 1.107165e+02
<State> 3
<Mean> 25
 -1.684753e+01 6.289463e+00 5.252099e+00 -1.277008e+00 8.831611e+00 9.808285e-01 7.521383e+00 -2.181985e+00 3.993805e+00 8.824757e-01 2.712499e+00 6.887166e-01 -2.906488e+00 -1.417355e+00 -2.743393e-01 -1.988717e+00 5.767174e-01 -8.357244e-01 1.039461e+00 3.591207e-01 8.842013e-01 6.537697e-01 1.496479e+00 4.976947e-01 2.423624e+00
<Variance> 25
 5.063469e+01 4.115224e+01 4.947325e+01 5.995708e+01 4.202691e+01 3.608788e+01 4.560559e+01 4.520388e+01 3.430836e+01 4.379036e+01 3.260977e+01 2.440659e+01 6.855091e+00 3.064566e+00 4.035946e+00 4.609966e+00 3.034038e+00 3.593460e+00 4.593721e+00 4.691873e+00 4.144381e+00 3.343781e+00 2.916971e+00 2.175299e+00 3.839196e+00
<GConst> 1.077834e+02
<State> 4
<Mean> 25
 -1.286407e+01 2.062402e+00 4.472032e+00 -7.424654e+00 6.491138e+00 -3.888048e+00 1.936693e+00 -5.313867e+00 -8.714409e-02 7.059168e-01 4.140162e+00 1.243136e+00 5.683396e+00 -1.212980e+00 -1.535529e+00 -9.438630e-01 -2.867620e+00 -1.488374e+00 -2.890501e+00 -1.703774e+00 -2.408320e+00 -1.314335e+00 -5.786316e-01 -1.263662e-01 1.388772e+00
<Variance> 25
 8.277779e+01 2.458434e+01 4.270066e+01 3.823897e+01 3.246804e+01 2.377153e+01 7.558253e+01 5.135374e+01 4.953760e+01 3.335925e+01 2.510378e+01 1.863647e+01 4.277581e+00 4.458157e+00 4.706741e+00 3.083698e+00 3.307582e+00 3.591638e+00 4.477105e+00 4.771896e+00 6.594927e+00 6.403929e+00 5.728531e+00 3.624600e+00 2.091588e+00
<GConst> 1.081083e+02
<TransP> 5
 0.000000e+00 1.000000e+00 0.000000e+00 0.000000e+00 0.000000e+00
 0.000000e+00 6.371208e-01 3.628792e-01 0.000000e+00 0.000000e+00
 0.000000e+00 0.000000e+00 6.920406e-01 3.079594e-01 0.000000e+00
 0.000000e+00 0.000000e+00 0.000000e+00 6.263031e-01 3.736969e-01
 0.000000e+00 0.000000e+00 0.000000e+00 0.000000e+00 0.000000e+00
<EndHMM>
~h "z`"
<BeginHMM>
<NumStates> 5
<State> 2
<Mean> 25
 4.556196e+00 3.921126e-01 -4.086320e+00 5.470082e+00 3.138266e+00 -3.480613e+00 -5.296081e+00 -4.801943e+00 -3.179672e+00 -9.222940e-01 1.036616e-01 1.055579e+00 -2.739957e-02 1.316697e-01 6.820492e-01 1.576690e+00 5.512245e-01 -9.900735e-01 -3.866209e-01 -7.418674e-01 -6.512210e-01 -4.483734e-01 -5.236095e-01 1.103403e-01 -1.542766e-01
<Variance> 25
 3.244376e+01 3.256263e+01 7.019545e+01 6.598186e+01 1.043275e+02 1.408159e+02 6.352069e+01 9.153610e+01 7.309623e+01 7.362697e+01 4.402357e+01 4.541807e+01 1.108107e+00 1.970885e+00 3.448839e+00 4.258769e+00 3.006604e+00 6.474349e+00 3.011994e+00 4.362832e+00 4.602737e+00 3.487599e+00 3.254892e+00 4.342200e+00 3.043511e+00
<GConst> 1.113547e+02
<State> 3
<Mean> 25
 5.463704e+00 8.361764e-02 -2.316271e+00 7.630620e+00 4.271723e+00 -1.267166e+01 -6.287228e+00 -8.106780e+00 -3.890078e+00 -2.901019e+00 -2.497247e+00 -1.092499e-01 -2.347989e-02 -2.443804e-01 1.535674e-01 -2.767144e-01 -1.867004e-01 -4.639958e-01 1.584324e-01 -1.202211e-01 3.366313e-01 4.225460e-01 3.445518e-01 -8.650917e-02 3.680628e-01
<Variance> 25
 1.657520e+01 2.454050e+01 5.613264e+01 5.198055e+01 8.827502e+01 9.704319e+01 4.857977e+01 5.093406e+01 7.378337e+01 4.480242e+01 6.090033e+01 4.442928e+01 5.037606e-01 8.366673e-01 1.896285e+00 1.996389e+00 1.987804e+00 2.975557e+00 2.083755e+00 2.270827e+00 1.982225e+00 2.388354e+00 1.969790e+00 1.723187e+00 9.667509e-01
<GConst> 9.935177e+01
<State> 4
<Mean> 25
 3.759446e+00 -1.814704e+00 -1.075132e+00 5.126769e+00 2.674588e+00 -8.246118e+00 -6.200640e+00 -7.573706e+00 -3.390703e+00 -1.893333e+00 9.251989e-01 -4.635717e-01 4.186908e-02 -6.887998e-01 -3.587699e-01 -1.669482e+00 -1.117347e+00 -4.480674e-01 4.701285e-01 1.435611e-01 6.167011e-01 1.880664e-01 5.089239e-01 -4.078268e-01 1.376504e+00
<Variance> 25
 3.810481e+01 2.440193e+01 7.180395e+01 5.533437e+01 1.021326e+02 9.086076e+01 4.683055e+01 4.854452e+01 5.582453e+01 4.448439e+01 4.737074e+01 4.095279e+01 3.880883e+00 2.236542e+00 5.515931e+00 3.815942e+00 4.351882e+00 5.679580e+00 3.629483e+00 4.976495e+00 4.069545e+00 4.041883e+00 3.807789e+00 3.081149e+00 2.478026e+00
<GConst> 1.108009e+02
<TransP> 5
 0.000000e+00 1.000000e+00 0.000000e+00 0.000000e+00 0.000000e+00
 0.000000e+00 4.521181e-01 5.478819e-01 0.000000e+00 0.000000e+00
 0.000000e+00 0.000000e+00 6.366495e-01 3.633505e-01 0.000000e+00
 0.000000e+00 0.000000e+00 0.000000e+00 5.739537e-01 4.260463e-01
 0.000000e+00 0.000000e+00 0.000000e+00 0.000000e+00 0.000000e+00
<EndHMM>
~h "ts_h"
<BeginHMM>
<NumStates> 5
<State> 2
<Mean> 25
 -1.021840e+01 8.196746e+00 7.342149e+00 -2.325732e+00 7.515726e+00 -9.173877e-01 2.408477e+00 -6.112237e+00 2.837450e-01 -2.803086e+00 -1.197947e+00 -1.290431e+00 -4.663895e+00 -2.260833e-01 2.625797e-01 -8.092717e-01 1.860136e+00 6.020377e-01 1.739658e+00 1.242101e+00 1.828502e+00 1.294756e+00 1.738592e+00 4.766188e-01 4.623190e-01
<Variance> 25
 8.162767e+01 3.234595e+01 4.186107e+01 5.331288e+01 4.928023e+01 3.546093e+01 4.581085e+01 4.613452e+01 4.024729e+01 3.953962e+01 2.842236e+01 2.585159e+01 4.302977e+00 6.830032e+00 5.960696e+00 5.378616e+00 4.338182e+00 4.465901e+00 4.500959e+00 4.957582e+00 3.533216e+00 3.874474e+00 3.618087e+00 3.357755e+00 5.531815e+00
<GConst> 1.103718e+02
<State> 3
<Mean> 25
 -2.053984e+01 8.261472e-01 1.929849e+00 -5.824314e+00 8.186199e+00 2.332720e-01 6.087450e+00 1.173645e+00 5.770312e+00 4.930338e+00 6.885733e+00 3.530700e+00 1.021105e+00 -2.257680e+00 -1.439242e+00 -6.650926e-01 -9.818804e-01 1.499978e-02 -1.943238e-02 9.825385e-01 3.869482e-01 1.138062e+00 1.126841e+00 5.923743e-01 9.680126e-01
<Variance> 25
 2.180742e+01 3.484195e+01 4.513509e+01 7.152596e+01 2.516181e+01 2.256666e+01 3.094312e+01 2.707350e+01 2.364968e+01 2.882439e+01 1.519173e+01 1.713906e+01 4.992648e+00 3.389467e+00 2.215854e+00 2.267146e+00 2.223754e+00 1.868485e+00 1.825230e+00 2.336365e+00 2.623772e+00 2.523147e+00 1.861637e+00 1.592423e+00 2.694119e+00
<GConst> 9.710423e+01
<State> 4
<Mean> 25
 -6.891194e+00 -9.803710e+00 -3.683033e+00 -6.199412e+00 4.081009e+00 2.105737e+00 6.524940e+00 3.910738e+00 5.372068e+00 2.024470e+00 5.206635e+00 -2.979748e-01 2.917013e+00 -1.404122e-02 -4.437454e-01 3.564879e-01 -7.105914e-01 1.084542e-01 -5.759039e-01 -6.306517e-01 -1.081608e+00 -2.271112e+00 -1.945917e+00 -1.707015e+00 -2.827390e-01
<Variance> 25
 3.454666e+01 3.018929e+01 2.048156e+01 2.901635e+01 2.068151e+01 2.864585e+01 3.262624e+01 2.921906e+01 4.590914e+01 5.022783e+01 4.094221e+01 4.145760e+01 1.952728e+00 7.366879e+00 2.684636e+00 2.121309e+00 2.568190e+00 3.116556e+00 4.232048e+00 4.429674e+00 3.710999e+00 4.187881e+00 3.246160e+00 3.516455e+00 7.615058e-01
<GConst> 1.020311e+02
<TransP> 5
 0.000000e+00 1.000000e+00 0.000000e+00 0.000000e+00 0.000000e+00
 0.000000e+00 7.631124e-01 2.368877e-01 0.000000e+00 0.000000e+00
 0.000000e+00 0.000000e+00 7.595679e-01 2.404321e-01 0.000000e+00
 0.000000e+00 0.000000e+00 0.000000e+00 7.720178e-01 2.279821e-01
 0.000000e+00 0.000000e+00 0.000000e+00 0.000000e+00 0.000000e+00
<EndHMM>
~h "i_d"
<BeginHMM>
<NumStates> 5
<State> 2
<Mean> 25
 -5.667643e+00 3.368119e+00 5.523534e+00 -8.807164e+00 4.894612e+00 -2.916055e+00 -3.972282e+00 -1.090331e+01 -7.918105e+00 -8.409157e+00 -1.526033e+00 -4.860143e-01 5.267174e+00 -7.258579e-01 -9.249715e-01 1.249532e-01 -2.595243e+00 -9.248051e-01 -1.624434e+00 -2.788573e+00 -3.522552e+00 -1.939807e+00 -1.392942e+00 -2.481487e-01 3.298515e-01
<Variance> 25
 3.943444e+01 1.611228e+01 3.759095e+01 4.587334e+01 2.863602e+01 2.402536e+01 2.882888e+01 2.900233e+01 2.431594e+01 4.277808e+01 2.069650e+01 2.515845e+01 1.858518e+00 2.679610e+00 3.835871e+00 2.958626e+00 2.486082e+00 4.269461e+00 5.529185e+00 4.765940e+00 6.195961e+00 6.417578e+00 4.895626e+00 4.289837e+00 7.120299e-01
<GConst> 1.023748e+02
<State> 3
<Mean> 25
 2.790719e+00 -4.925215e-01 -3.517134e-01 -5.757462e+00 -1.657489e+00 -5.911819e+00 -3.324653e+00 -1.115984e+01 -8.523335e+00 -5.227465e+00 -5.985993e-01 9.607132e-01 1.070291e+00 -7.254118e-01 -5.707827e-01 6.890358e-01 -9.782398e-01 -4.546867e-01 1.243904e-01 2.166471e-01 4.476800e-01 8.625307e-01 5.103844e-01 -2.125536e-02 9.682482e-02
<Variance> 25
 8.607080e+00 2.218121e+01 2.378769e+01 4.756690e+01 3.241034e+01 4.367900e+01 3.890837e+01 5.224648e+01 4.945144e+01 4.627315e+01 3.201868e+01 3.704536e+01 1.093243e+00 1.409284e+00 2.083524e+00 2.143701e+00 1.553254e+00 2.277876e+00 2.274953e+00 2.696675e+00 2.268031e+00 2.676704e+00 1.950636e+00 2.135838e+00 4.572141e-01
<GConst> 9.537091e+01
<State> 4
<Mean> 25
 3.659823e+00 2.224765e-01 1.196681e+00 -1.858003e+00 -2.314194e+00 -4.176741e+00 -4.578069e+00 -8.891231e+00 -6.322778e+00 -1.472001e+00 1.202230e+00 1.663684e+00 3.867614e-02 9.709209e-01 6.075827e-01 1.339878e+00 4.298353e-01 6.736270e-01 7.312060e-02 9.879160e-01 1.609520e-01 1.250015e-01 -6.218080e-01 -7.200658e-02 -1.672226e+00
<Variance> 25
 1.050084e+01 3.237550e+01 2.649823e+01 5.943167e+01 3.860709e+01 6.599300e+01 3.429521e+01 7.072959e+01 5.824487e+01 6.132340e+01 4.621403e+01 8.861600e+01 1.342060e+00 2.142597e+00 1.849462e+00 2.150842e+00 2.298091e+00 3.100528e+00 2.432640e+00 3.497593e+00 3.018882e+00 2.777620e+00 2.804934e+00 3.489196e+00 2.069076e+00
<GConst> 1.029493e+02
<TransP> 5
 0.000000e+00 1.000000e+00 0.000000e+00 0.000000e+00 0.000000e+00
 0.000000e+00 5.923611e-01 4.076389e-01 0.000000e+00 0.000000e+00
 0.000000e+00 0.000000e+00 6.918898e-01 3.081103e-01 0.000000e+00
 0.000000e+00 0.000000e+00 0.000000e+00 6.410273e-01 3.589727e-01
 0.000000e+00 0.000000e+00 0.000000e+00 0.000000e+00 0.000000e+00
<EndHMM>
~h "k_h"
<BeginHMM>
<NumStates> 5
<State> 2
<Mean> 25
 2.245829e+00 7.424815e+00 4.725379e-01 1.853355e+00 -1.066817e+00 3.552017e+00 8.222488e-01 -6.414485e-02 -2.713759e+00 8.689367e-01 -2.220420e+00 -1.356056e+00 -1.692319e+00 -5.469064e-01 -1.162080e+00 -4.272594e-02 1.534653e+00 1.503842e+00 1.232314e+00 8.557317e-01 7.115507e-01 1.987774e+00 1.585290e+00 1.125236e+00 -9.040601e-01
<Variance> 25
 2.453730e+01 3.586658e+01 3.453135e+01 5.678770e+01 7.625911e+01 4.811367e+01 4.997546e+01 5.940854e+01 5.197597e+01 4.912376e+01 4.459040e+01 3.313722e+01 2.161718e+00 6.017500e+00 4.382606e+00 8.828462e+00 6.223700e+00 5.403121e+00 8.212383e+00 5.941485e+00 6.982972e+00 4.674503e+00 7.546454e+00 3.114926e+00 1.021912e+01
<GConst> 1.142464e+02
<State> 3
<Mean> 25
 -3.730222e+00 -7.860504e-01 -5.209489e+00 -5.617135e+00 2.810153e+00 6.195744e+00 6.973845e+00 3.669376e-01 1.732759e+00 5.883110e+00 7.495475e+00 3.262609e+00 -6.845217e-01 -2.150393e+00 -7.687678e-01 -1.870727e+00 1.850314e-01 -2.632111e-01 8.478415e-01 -3.867904e-01 7.772142e-01 2.517402e-01 1.578948e+00 4.798491e-01 2.468265e+00
<Variance> 25
 1.469873e+01 3.983060e+01 2.947010e+01 6.737154e+01 4.913755e+01 4.993629e+01 5.216867e+01 5.765859e+01 3.862437e+01 3.480288e+01 3.562636e+01 2.126615e+01 1.690805e+00 2.853093e+00 3.489865e+00 7.471599e+00 3.730606e+00 4.123126e+00 4.782709e+00 6.666166e+00 4.332587e+00 3.605939e+00 4.577964e+00 2.482343e+00 8.044627e+00
<GConst> 1.078551e+02
<State> 4
<Mean> 25
 -3.025073e+00 -8.860372e+00 -5.687605e+00 -6.358647e+00 2.793163e+00 5.035026e+00 6.196614e+00 -7.969351e-03 3.462550e+00 1.613111e+00 5.532556e+00 5.621491e-01 1.502511e+00 4.217135e-01 4.516735e-01 2.143385e-01 -9.513085e-01 -8.616105e-01 -1.288455e+00 -7.372422e-01 -7.992666e-01 -2.504909e+00 -2.290805e+00 -1.797055e+00 2.961046e-01
<Variance> 25
 1.072898e+01 3.534858e+01 2.253129e+01 3.174622e+01 4.451462e+01 3.063821e+01 4.716435e+01 4.943669e+01 5.401967e+01 4.931890e+01 4.012166e+01 4.314392e+01 1.205866e+00 4.259603e+00 2.340755e+00 2.514716e+00 2.891717e+00 3.042168e+00 4.423451e+00 3.625518e+00 3.033888e+00 3.296770e+00 3.015462e+00 2.840018e+00 7.425251e-01
<GConst> 1.012853e+02
<TransP> 5
 0.000000e+00 1.000000e+00 0.000000e+00 0.000000e+00 0.000000e+00
 0.000000e+00 6.347221e-01 3.652779e-01 0.000000e+00 0.000000e+00
 0.000000e+00 0.000000e+00 7.795439e-01 2.204560e-01 0.000000e+00
 0.000000e+00 0.000000e+00 0.000000e+00 7.398815e-01 2.601186e-01
 0.000000e+00 0.000000e+00 0.000000e+00 0.000000e+00 0.000000e+00
<EndHMM>
~h "p_h"
<BeginHMM>
<NumStates> 5
<State> 2
<Mean> 25
 3.678794e+00 6.208088e+00 2.924368e+00 5.440742e+00 9.256092e-01 1.800475e+00 -2.434713e+00 -7.657634e-01 -4.655036e+00 -2.124185e-01 -3.894465e+00 -7.859410e-01 -2.394548e+00 -2.958256e-01 9.351645e-02 6.329729e-01 1.651071e+00 1.270610e+00 1.317432e+00 1.307194e+00 1.575606e+00 1.874050e+00 1.524351e+00 1.184206e+00 -1.398715e+00
<Variance> 25
 2.589462e+01 2.485457e+01 4.283949e+01 6.975041e+01 4.766649e+01 3.921379e+01 3.732103e+01 3.069247e+01 3.770463e+01 4.110490e+01 3.420221e+01 2.483097e+01 2.919664e+00 5.988153e+00 4.830167e+00 5.255120e+00 5.867035e+00 5.829695e+00 5.445577e+00 3.393710e+00 6.411241e+00 4.309248e+00 7.691160e+00 3.391680e+00 9.014057e+00
<GConst> 1.104069e+02
<State> 3
<Mean> 25
 -5.485490e+00 -2.612850e+00 -2.817953e-01 3.147575e+00 5.481012e+00 3.082876e+00 4.268735e+00 2.844533e+00 4.161528e+00 4.257660e+00 4.203405e+00 3.782005e+00 -1.602988e+00 -2.794833e+00 -7.368014e-01 -1.051513e+00 8.672606e-03 -6.236649e-01 1.383264e+00 8.440506e-01 1.694286e+00 3.439234e-01 1.650349e+00 5.397957e-01 2.384878e+00
<Variance> 25
 2.500594e+01 4.039257e+01 3.297940e+01 4.653973e+01 3.364217e+01 3.531182e+01 3.693552e+01 3.075237e+01 2.571786e+01 3.075336e+01 3.125181e+01 1.929777e+01 3.101015e+00 3.909599e+00 3.962051e+00 4.371398e+00 4.850111e+00 4.719491e+00 3.409598e+00 3.936183e+00 3.690675e+00 3.604432e+00 3.825098e+00 2.098074e+00 5.296366e+00
<GConst> 1.048034e+02
<State> 4
<Mean> 25
 -7.907315e+00 -9.172108e+00 -1.891215e-01 -1.423650e+00 1.906150e+00 4.691705e-01 7.199551e+00 4.311514e+00 4.676888e+00 1.038558e+00 4.517274e+00 1.609490e+00 1.190639e+00 1.238053e+00 1.096939e+00 -4.445085e-01 -1.222384e+00 -9.422166e-01 -6.554357e-01 -8.193361e-01 -1.497986e+00 -1.763310e+00 -1.674219e+00 -1.330799e+00 8.064415e-02
<Variance> 25
 3.595854e+01 3.512296e+01 7.200611e+01 5.495512e+01 4.539309e+01 5.105202e+01 3.363886e+01 3.129603e+01 2.986217e+01 3.281802e+01 2.583481e+01 2.593022e+01 3.274875e+00 3.987097e+00 2.626043e+00 2.682486e+00 3.956252e+00 3.496844e+00 4.319715e+00 3.944622e+00 3.010534e+00 3.833747e+00 3.267403e+00 2.688662e+00 8.779798e-01
<GConst> 1.039466e+02
<TransP> 5
 0.000000e+00 1.000000e+00 0.000000e+00 0.000000e+00 0.000000e+00
 0.000000e+00 6.348438e-01 3.651562e-01 0.000000e+00 0.000000e+00
 0.000000e+00 0.000000e+00 7.503268e-01 2.496733e-01 0.000000e+00
 0.000000e+00 0.000000e+00 0.000000e+00 7.572907e-01 2.427092e-01
 0.000000e+00 0.000000e+00 0.000000e+00 0.000000e+00 0.000000e+00
<EndHMM>
~h "sil"
<BeginHMM>
<NumStates> 5
<State> 2
<Mean> 25
 -2.196007e+00 3.193520e+00 -2.669572e+00 5.040766e+00 2.640585e+00 1.082825e+01 3.915348e+00 9.474778e+00 2.708174e+00 7.216754e+00 2.295553e+00 4.343557e+00 -6.066758e-01 3.130740e-01 -6.037918e-02 7.154626e-01 3.321285e-01 8.290470e-01 4.987901e-01 8.336218e-01 5.873872e-01 9.151117e-01 6.899474e-01 5.481886e-01 -1.074286e+00
<Variance> 25
 2.386421e+01 3.748837e+01 3.313022e+01 4.507438e+01 4.138997e+01 4.593468e+01 4.108423e+01 4.266945e+01 2.880743e+01 3.683471e+01 3.150772e+01 2.246643e+01 1.866085e+00 2.727339e+00 3.268492e+00 3.400889e+00 3.267336e+00 3.491598e+00 3.076183e+00 3.179683e+00 2.549630e+00 2.621029e+00 2.402439e+00 1.971156e+00 1.938060e+00
<GConst> 1.014674e+02
<State> 3
~s "silst"
<State> 4
<Mean> 25
 -2.754729e+00 2.506315e+00 -3.324051e+00 7.114257e+00 2.092525e+00 1.201781e+01 3.379462e+00 1.076883e+01 3.441638e+00 9.474872e+00 4.882000e+00 5.588356e+00 -2.585303e-02 -2.115238e-01 1.975318e-01 -3.061410e-01 -3.720589e-02 -3.533186e-01 -1.688577e-01 -3.353948e-01 -2.819199e-01 -2.824647e-01 -1.661816e-01 -1.420792e-01 3.848161e-01
<Variance> 25
 1.316559e+01 4.239963e+01 2.763548e+01 2.846325e+01 2.194418e+01 3.370242e+01 2.931600e+01 2.282789e+01 2.417364e+01 2.331722e+01 2.113047e+01 1.308006e+01 1.135613e+00 3.110735e+00 2.082475e+00 2.166356e+00 1.899535e+00 2.442217e+00 2.205895e+00 2.128782e+00 2.142630e+00 1.826253e+00 1.621692e+00 1.274649e+00 1.917188e+00
<GConst> 9.259895e+01
<TransP> 5
 0.000000e+00 1.000000e+00 0.000000e+00 0.000000e+00 0.000000e+00
 0.000000e+00 7.229397e-01 1.643616e-01 1.126988e-01 0.000000e+00
 0.000000e+00 0.000000e+00 9.400250e-01 5.997499e-02 0.000000e+00
 0.000000e+00 1.505891e-01 0.000000e+00 7.654775e-01 8.393335e-02
 0.000000e+00 0.000000e+00 0.000000e+00 0.000000e+00 0.000000e+00
<EndHMM>
~h "t_h"
<BeginHMM>
<NumStates> 5
<State> 2
<Mean> 25
 2.154477e+00 4.975039e+00 3.459542e+00 4.728124e+00 1.162776e+00 1.714164e+00 -3.226602e+00 -2.915151e+00 -2.671061e+00 8.607039e-01 -2.567780e+00 -1.114371e-01 -1.902847e+00 -4.436285e-02 1.576627e-01 4.842399e-01 8.124632e-01 1.312662e+00 1.569412e+00 1.674384e+00 1.400869e+00 1.531300e+00 8.814616e-01 9.444246e-01 -1.073256e+00
<Variance> 25
 1.925969e+01 2.376005e+01 3.429868e+01 5.419771e+01 4.342981e+01 5.874910e+01 4.900087e+01 5.356800e+01 4.053130e+01 4.053872e+01 3.573093e+01 3.172342e+01 3.230034e+00 6.365081e+00 3.790574e+00 6.566685e+00 4.055926e+00 5.982012e+00 6.723417e+00 4.515677e+00 5.918102e+00 4.006492e+00 6.698006e+00 3.005866e+00 1.162262e+01
<GConst> 1.112165e+02
<State> 3
<Mean> 25
 -6.541382e+00 -2.282009e+00 1.653686e+00 2.650616e-01 3.388862e+00 2.315005e+00 5.205795e+00 3.172709e+00 5.808591e+00 5.378039e+00 5.948406e+00 4.142292e+00 -1.195825e+00 -2.634439e+00 -8.338408e-01 -1.744286e+00 1.419182e-01 -6.604375e-01 1.394336e+00 6.160132e-01 1.500179e+00 1.033986e-01 1.682513e+00 1.041613e-01 2.701094e+00
<Variance> 25
 2.466580e+01 2.636269e+01 3.005199e+01 3.063795e+01 2.152831e+01 3.902918e+01 3.063877e+01 3.841254e+01 2.826715e+01 4.044736e+01 3.437711e+01 2.305840e+01 3.425953e+00 3.195905e+00 4.239786e+00 4.217031e+00 3.222930e+00 4.389357e+00 4.156090e+00 4.009562e+00 4.661425e+00 3.588263e+00 4.669822e+00 2.975915e+00 6.486123e+00
<GConst> 1.048289e+02
<State> 4
<Mean> 25
 -4.482133e+00 -1.030492e+01 -3.746625e+00 -4.301400e+00 3.606455e+00 2.738628e+00 6.948267e+00 2.748439e+00 5.023706e+00 -3.174703e-01 3.960695e+00 -9.719511e-01 1.598822e+00 4.744506e-01 -4.538613e-01 -5.189791e-01 -6.725438e-01 -2.998402e-01 -9.509966e-01 -9.709095e-01 -1.359614e+00 -2.074812e+00 -1.822893e+00 -1.481320e+00 2.925811e-02
<Variance> 25
 2.353954e+01 2.827547e+01 4.470190e+01 3.080040e+01 3.557348e+01 3.622383e+01 3.806584e+01 3.443880e+01 4.009518e+01 4.511354e+01 3.480833e+01 3.782514e+01 1.693487e+00 4.971722e+00 2.480838e+00 2.615768e+00 2.797371e+00 3.465207e+00 4.409304e+00 3.911322e+00 3.060219e+00 3.821734e+00 3.189548e+00 3.008784e+00 9.927183e-01
<GConst> 1.025313e+02
<TransP> 5
 0.000000e+00 1.000000e+00 0.000000e+00 0.000000e+00 0.000000e+00
 0.000000e+00 6.294780e-01 3.705220e-01 0.000000e+00 0.000000e+00
 0.000000e+00 0.000000e+00 7.123429e-01 2.876571e-01 0.000000e+00
 0.000000e+00 0.000000e+00 0.000000e+00 7.391044e-01 2.608956e-01
 0.000000e+00 0.000000e+00 0.000000e+00 0.000000e+00 0.000000e+00
<EndHMM>
~h "ts`"
<BeginHMM>
<NumStates> 5
<State> 2
<Mean> 25
 4.889398e+00 4.927999e+00 3.988786e+00 7.308931e+00 1.362557e+00 -6.608199e-01 -6.130792e+00 -2.841346e+00 -5.607804e+00 -1.249442e+00 -3.555753e+00 -8.946707e-01 -1.370149e+00 3.413641e-01 8.471458e-01 1.302447e+00 5.218115e-01 2.072367e+00 6.033050e-01 1.345773e+00 5.339834e-01 1.015212e+00 5.961438e-01 4.168255e-01 -2.210387e+00
<Variance> 25
 2.264172e+01 3.196751e+01 5.204416e+01 5.282684e+01 3.665052e+01 7.304401e+01 4.569853e+01 5.571281e+01 4.594207e+01 4.149474e+01 3.824060e+01 3.434628e+01 3.863010e+00 6.881783e+00 4.996868e+00 5.440040e+00 4.799323e+00 6.395593e+00 6.369895e+00 4.590142e+00 5.039324e+00 3.917530e+00 5.472389e+00 3.001702e+00 7.662190e+00
<GConst> 1.121191e+02
<State> 3
<Mean> 25
 -7.276282e+00 -3.365558e+00 5.952824e+00 5.287231e+00 3.803228e+00 3.946677e+00 1.327764e+00 2.458080e+00 -4.602394e-01 9.339273e-01 3.600203e+00 7.095305e-01 -4.235134e+00 -3.569119e+00 1.398930e+00 -1.501080e+00 6.411279e-01 -5.539437e-01 1.534173e+00 2.185232e-01 1.301055e+00 1.220088e-01 2.530508e+00 1.142916e-01 3.381872e+00
<Variance> 25
 6.564622e+01 6.449481e+01 5.010398e+01 4.468646e+01 3.696746e+01 4.098182e+01 4.808128e+01 4.314243e+01 3.406659e+01 4.373560e+01 4.707013e+01 3.274215e+01 5.120090e+00 4.866681e+00 4.672233e+00 4.846538e+00 3.271470e+00 4.424860e+00 4.785378e+00 4.538659e+00 3.846787e+00 3.306622e+00 4.187364e+00 2.799951e+00 6.081587e+00
<GConst> 1.105152e+02
<State> 4
<Mean> 25
 -1.592666e+01 -1.042424e+01 1.195856e+01 2.339409e+00 4.595057e+00 -5.127252e-01 6.531091e-01 -1.052723e+00 7.013832e-01 -2.163827e-01 7.948166e+00 -5.226936e-01 2.887940e+00 8.512300e-01 -5.867033e-01 -2.013156e-01 -7.764016e-01 -2.092073e+00 -2.439052e+00 -2.478806e+00 -1.545978e+00 -1.397800e+00 -1.101858e+00 -5.072149e-01 9.581595e-01
<Variance> 25
 4.671437e+01 3.841124e+01 2.869510e+01 3.538660e+01 3.526284e+01 3.436305e+01 5.182742e+01 5.147689e+01 3.970520e+01 3.610093e+01 3.442283e+01 3.401124e+01 1.045532e+01 4.026483e+00 6.270156e+00 2.772390e+00 3.723634e+00 3.106515e+00 4.296152e+00 3.949291e+00 3.392897e+00 2.939042e+00 4.003061e+00 2.394049e+00 3.688146e+00
<GConst> 1.074244e+02
<TransP> 5
 0.000000e+00 1.000000e+00 0.000000e+00 0.000000e+00 0.000000e+00
 0.000000e+00 6.153922e-01 3.846078e-01 0.000000e+00 0.000000e+00
 0.000000e+00 0.000000e+00 7.114553e-01 2.885447e-01 0.000000e+00
 0.000000e+00 0.000000e+00 0.000000e+00 6.305322e-01 3.694678e-01
 0.000000e+00 0.000000e+00 0.000000e+00 0.000000e+00 0.000000e+00
<EndHMM>
~h "tss"
<BeginHMM>
<NumStates> 5
<State> 2
<Mean> 25
 -1.744569e+00 8.529698e+00 7.804747e+00 3.565832e+00 5.003563e+00 -1.849241e+00 -3.276161e+00 -5.731393e+00 -2.962829e+00 -1.282083e+00 -3.901139e+00 -1.645668e+00 -3.177591e+00 8.850667e-01 7.359395e-01 -1.695589e-01 1.517573e+00 1.481703e+00 1.687926e+00 1.413660e+00 1.055198e+00 8.098831e-01 6.468614e-01 4.505863e-01 -1.215721e+00
<Variance> 25
 3.887015e+01 4.078097e+01 4.228112e+01 4.605357e+01 4.174505e+01 5.411298e+01 3.806596e+01 5.189005e+01 3.559064e+01 3.706561e+01 3.048102e+01 2.705775e+01 5.641577e+00 7.282908e+00 4.981189e+00 5.506233e+00 3.446420e+00 4.598519e+00 5.142782e+00 4.069552e+00 4.159337e+00 3.534889e+00 4.028409e+00 2.521110e+00 6.281354e+00
<GConst> 1.097756e+02
<State> 3
<Mean> 25
 -1.856566e+01 3.026777e+00 8.558323e+00 -2.287783e+00 9.056601e+00 1.959066e+00 5.414530e+00 1.691234e+00 4.247242e+00 1.860465e+00 2.360399e+00 1.636949e+00 -3.083934e+00 -2.103257e+00 9.591869e-01 -1.513582e+00 5.522034e-02 -6.062244e-01 8.310729e-01 8.919064e-01 1.295499e+00 4.092455e-01 9.457372e-01 1.975051e-01 2.361334e+00
<Variance> 25
 4.849244e+01 7.119225e+01 4.532222e+01 5.150554e+01 2.914316e+01 3.335190e+01 3.693943e+01 3.608939e+01 3.119304e+01 3.825436e+01 2.586030e+01 1.970928e+01 7.523832e+00 3.257213e+00 3.743538e+00 4.191822e+00 3.284126e+00 3.384362e+00 4.153614e+00 3.638999e+00 3.142819e+00 2.735089e+00 2.493068e+00 1.910527e+00 3.202965e+00
<GConst> 1.051944e+02
<State> 4
<Mean> 25
 -1.847948e+01 -2.536657e+00 1.395396e+01 -2.392535e+00 6.198965e+00 -2.606075e+00 1.647866e+00 2.442690e-01 3.765335e+00 -4.781987e-01 1.222542e-01 -6.729104e-01 4.708076e+00 -4.698287e-01 7.217363e-01 1.850656e+00 -1.739421e+00 -2.616909e+00 -3.574672e+00 -2.335167e+00 -2.517773e+00 -2.237936e+00 -1.923476e+00 -1.394419e+00 6.204593e-01
<Variance> 25
 3.466035e+01 4.900633e+01 3.039526e+01 3.655758e+01 2.072061e+01 2.805685e+01 4.463962e+01 3.986453e+01 4.546839e+01 4.677519e+01 3.078833e+01 2.364417e+01 5.025978e+00 3.952206e+00 4.237053e+00 3.572282e+00 4.224978e+00 2.637902e+00 3.725554e+00 3.484807e+00 3.496798e+00 3.304090e+00 2.998903e+00 1.938752e+00 1.376528e+00
<GConst> 1.037072e+02
<TransP> 5
 0.000000e+00 1.000000e+00 0.000000e+00 0.000000e+00 0.000000e+00
 0.000000e+00 7.068069e-01 2.931930e-01 0.000000e+00 0.000000e+00
 0.000000e+00 0.000000e+00 7.247605e-01 2.752395e-01 0.000000e+00
 0.000000e+00 0.000000e+00 0.000000e+00 5.906054e-01 4.093947e-01
 0.000000e+00 0.000000e+00 0.000000e+00 0.000000e+00 0.000000e+00
<EndHMM>
~h "ts_h`"
<BeginHMM>
<NumStates> 5
<State> 2
<Mean> 25
 -3.977734e+00 -1.020707e+00 7.033505e+00 4.345180e+00 3.922152e+00 1.404667e+00 -1.423039e+00 -1.022040e+00 -2.893622e+00 -1.313058e+00 7.139532e-01 -1.193483e+00 -4.418583e+00 -2.837981e+00 1.376016e+00 -7.628583e-01 1.262476e+00 5.544036e-01 2.001491e+00 1.002577e+00 1.564023e+00 9.597211e-01 2.854641e+00 5.626315e-01 1.732726e+00
<Variance> 25
 6.298729e+01 4.723530e+01 5.354501e+01 4.271852e+01 3.828880e+01 4.006325e+01 5.258411e+01 4.822155e+01 4.073991e+01 3.923893e+01 4.276870e+01 3.304444e+01 3.996519e+00 5.864996e+00 5.451723e+00 5.808671e+00 3.596865e+00 6.002083e+00 5.381165e+00 4.823255e+00 5.105347e+00 3.588969e+00 5.504300e+00 3.592183e+00 9.995086e+00
<GConst> 1.126173e+02
<State> 3
<Mean> 25
 -1.685071e+01 -1.169762e+01 8.609493e+00 1.113598e+00 5.326028e+00 9.578012e-01 2.924534e+00 1.159074e+00 4.443657e+00 3.127085e+00 1.001527e+01 2.644462e+00 1.122531e-01 -1.283845e+00 -1.631576e+00 -7.996159e-01 -1.399945e-01 -1.337771e-01 2.337677e-01 2.092232e-01 1.138297e+00 8.240609e-01 1.121489e+00 7.925761e-01 7.689860e-01
<Variance> 25
 2.153877e+01 2.878400e+01 3.386290e+01 3.051785e+01 2.681278e+01 3.070289e+01 2.993088e+01 3.639264e+01 3.392228e+01 3.258243e+01 3.364363e+01 3.205146e+01 5.866893e+00 2.109627e+00 4.919985e+00 2.432768e+00 1.904817e+00 2.491729e+00 2.493781e+00 2.964967e+00 2.551990e+00 2.158979e+00 2.563143e+00 1.873641e+00 4.376813e+00
<GConst> 1.003229e+02
<State> 4
<Mean> 25
 -5.376919e+00 -1.204189e+01 -3.603581e+00 -3.631080e+00 4.427805e+00 3.559362e+00 5.225240e+00 2.039003e+00 3.703638e+00 2.739324e-01 6.783878e+00 2.517939e+00 2.906816e+00 1.672088e+00 -1.134187e+00 -4.268918e-01 -7.727260e-01 3.211723e-02 -4.583389e-02 -3.638029e-01 -1.339879e+00 -1.796557e+00 -2.366297e+00 -1.105591e+00 -7.902114e-01
<Variance> 25
 3.464550e+01 2.637358e+01 3.092606e+01 3.154272e+01 2.845612e+01 3.383633e+01 4.188331e+01 3.899911e+01 3.914381e+01 5.002555e+01 4.741856e+01 3.616364e+01 2.253595e+00 3.999050e+00 4.463892e+00 2.563061e+00 3.764669e+00 3.778708e+00 4.608899e+00 3.980551e+00 3.651674e+00 4.433876e+00 3.958090e+00 3.633758e+00 1.116886e+00
<GConst> 1.047039e+02
<TransP> 5
 0.000000e+00 1.000000e+00 0.000000e+00 0.000000e+00 0.000000e+00
 0.000000e+00 7.198780e-01 2.801220e-01 0.000000e+00 0.000000e+00
 0.000000e+00 0.000000e+00 7.450150e-01 2.549850e-01 0.000000e+00
 0.000000e+00 0.000000e+00 0.000000e+00 7.808540e-01 2.191460e-01
 0.000000e+00 0.000000e+00 0.000000e+00 0.000000e+00 0.000000e+00
<EndHMM>
~h "ts_hs"
<BeginHMM>
<NumStates> 5
<State> 2
<Mean> 25
 -1.071393e+01 5.453735e+00 8.501649e+00 3.196965e-01 6.336514e+00 -9.973714e-02 2.159480e+00 -1.598144e+00 -8.167863e-01 -7.727360e-01 -1.314743e+00 -8.677304e-01 -4.430175e+00 -7.889915e-01 8.434888e-01 -9.872899e-01 1.158379e+00 4.584149e-01 1.767860e+00 1.472937e+00 1.713280e+00 1.083615e+00 1.446937e+00 7.135120e-01 9.927717e-01
<Variance> 25
 7.974110e+01 5.308873e+01 5.557867e+01 4.498103e+01 3.742584e+01 4.957808e+01 5.703788e+01 6.318861e+01 4.310578e+01 4.115908e+01 3.027011e+01 2.540268e+01 4.776770e+00 6.701223e+00 4.778636e+00 4.536519e+00 3.357776e+00 5.329491e+00 5.058735e+00 4.432732e+00 4.058645e+00 3.457325e+00 3.233785e+00 2.537732e+00 5.012544e+00
<GConst> 1.108588e+02
<State> 3
<Mean> 25
 -2.414455e+01 7.493266e-01 9.064839e+00 -3.352546e+00 7.189023e+00 7.000228e-01 6.382820e+00 4.161828e+00 5.132631e+00 4.397872e+00 4.484350e+00 2.778939e+00 -3.178937e-01 -1.951925e+00 6.830319e-02 -3.372306e-01 -1.030199e+00 -6.410636e-01 -3.761646e-01 4.446810e-01 6.465509e-01 4.788419e-01 6.113808e-01 4.502103e-01 1.305489e+00
<Variance> 25
 9.225707e+00 7.659088e+01 3.453600e+01 3.803042e+01 2.101213e+01 3.650139e+01 3.650217e+01 2.081250e+01 3.151140e+01 2.833617e+01 1.769234e+01 1.548100e+01 2.745543e+00 1.992447e+00 2.085436e+00 2.161609e+00 2.566522e+00 1.856354e+00 2.507205e+00 2.152871e+00 1.923533e+00 1.646158e+00 1.327409e+00 1.325628e+00 1.735002e+00
<GConst> 9.409143e+01
<State> 4
<Mean> 25
 -1.838029e+01 -8.611454e+00 9.039301e+00 -1.303378e+00 3.216148e+00 -4.368877e+00 1.371602e+00 3.317375e+00 6.478045e+00 2.676850e+00 4.350384e+00 1.660655e+00 3.224859e+00 1.528432e-01 6.676316e-02 1.578828e+00 -3.590384e-01 -1.053302e+00 -1.798645e+00 -1.453655e+00 -1.408748e+00 -1.412600e+00 -1.300727e+00 -1.212104e+00 -6.529352e-01
<Variance> 25
 2.021194e+01 2.610685e+01 2.075692e+01 2.904042e+01 2.757331e+01 2.809373e+01 4.045432e+01 2.136636e+01 3.077979e+01 3.063139e+01 2.121368e+01 2.297147e+01 3.253145e+00 3.193544e+00 2.664494e+00 1.780721e+00 2.985362e+00 2.289283e+00 3.211719e+00 3.405042e+00 4.368516e+00 3.352550e+00 3.353846e+00 2.419863e+00 7.136142e-01
<GConst> 9.772151e+01
<TransP> 5
 0.000000e+00 1.000000e+00 0.000000e+00 0.000000e+00 0.000000e+00
 0.000000e+00 7.838472e-01 2.161528e-01 0.000000e+00 0.000000e+00
 0.000000e+00 0.000000e+00 7.343864e-01 2.656137e-01 0.000000e+00
 0.000000e+00 0.000000e+00 0.000000e+00 7.419747e-01 2.580253e-01
 0.000000e+00 0.000000e+00 0.000000e+00 0.000000e+00 0.000000e+00
<EndHMM>
~h "dummy"
<BeginHMM>
<NumStates> 5
<State> 2
<Mean> 25
 -1.632040e+00 2.543899e+00 -2.982864e-01 8.979394e-01 5.735042e+00 9.484516e+00 5.541725e+00 2.022413e+00 9.319219e+00 1.324710e+00 -4.525824e-02 2.206978e+00 -1.941648e-04 1.523142e-03 2.843659e-04 -4.552801e-03 -1.029005e-04 -1.442783e-03 -1.573886e-03 -2.276876e-03 2.386637e-03 4.560287e-03 -1.709112e-03 1.819966e-03 8.414249e-04
<Variance> 25
 1.590757e+01 3.586568e+01 3.836834e+01 4.172993e+01 4.242700e+01 8.309127e+01 6.349709e+01 5.138315e+01 1.095305e+02 8.417519e+01 3.427214e+01 5.203077e+01 6.251435e-01 1.300340e+00 1.148355e+00 1.217645e+00 1.319993e+00 1.794834e+00 1.760712e+00 1.771608e+00 2.213235e+00 1.999868e+00 1.640571e+00 1.735691e+00 6.369676e-01
<GConst> 9.675645e+01
<State> 3
<Mean> 25
 9.663484e-01 6.920059e-01 1.338215e+00 -1.419320e-01 1.722771e+00 1.122261e+00 -5.561134e-01 2.711675e+00 9.872556e-02 1.176686e+00 1.160865e+00 -1.936149e+00 3.532332e-03 6.287390e-03 2.819489e-03 3.370387e-03 -2.413518e-03 -6.125278e-03 -7.854631e-04 -5.924367e-03 -5.998499e-03 1.921583e-04 -5.218539e-03 -1.210521e-02 4.761633e-03
<Variance> 25
 4.290941e+01 3.236289e+01 4.463516e+01 6.231589e+01 4.538432e+01 4.429181e+01 8.008060e+01 5.039339e+01 4.905548e+01 4.525363e+01 3.679045e+01 3.420335e+01 2.140306e+00 2.475278e+00 2.632667e+00 3.176277e+00 2.993893e+00 2.875587e+00 5.116282e+00 3.385231e+00 3.501131e+00 2.873900e+00 2.501362e+00 2.154613e+00 1.617411e+00
<GConst> 1.051351e+02
<State> 4
<Mean> 25
 2.067920e+00 -1.023639e+00 -1.106219e+00 -3.269161e+00 -3.076646e+00 -2.284666e+00 -2.208829e+00 -2.158983e+00 -3.877769e+00 -3.156595e+00 -4.240056e+00 -2.120616e+00 4.621774e-03 -6.751881e-03 -2.565212e-03 -3.052332e-03 -8.224863e-03 2.364795e-03 -1.788983e-03 9.654451e-04 -3.829692e-03 1.839985e-03 -3.207877e-04 -2.630290e-04 -1.642385e-03
<Variance> 25
 6.475861e+01 4.388636e+01 6.191281e+01 6.305311e+01 7.696586e+01 6.857639e+01 6.610506e+01 7.913662e+01 6.642896e+01 6.084548e+01 5.826720e+01 4.661823e+01 3.599305e+00 3.115398e+00 3.096882e+00 3.960273e+00 4.986140e+00 4.680219e+00 4.701312e+00 5.201672e+00 4.549770e+00 3.764607e+00 3.729394e+00 3.165325e+00 3.808019e+00
<GConst> 1.134311e+02
<TransP> 5
 0.000000e+00 1.000000e+00 0.000000e+00 0.000000e+00 0.000000e+00
 0.000000e+00 4.568559e-01 5.431441e-01 0.000000e+00 0.000000e+00
 0.000000e+00 0.000000e+00 8.214161e-01 1.785840e-01 0.000000e+00
 0.000000e+00 0.000000e+00 0.000000e+00 9.696085e-01 3.039152e-02
 0.000000e+00 0.000000e+00 0.000000e+00 0.000000e+00 0.000000e+00
<EndHMM>
