~o <StreamInfo> 1 25
<VecSize> 25
<nulld>
<mfcc_D_N_Z_0>
<diagc>
~h "@"
<BeginHMM>
<NumStates> 5
<State> 2
<Mean> 25
 5.301680e+00 -1.399372e+00 2.876806e+00 2.156839e+00 -4.359667e+00 -4.642692e+00 -9.386606e+00 -3.035042e+00 -2.735219e-01 -6.107932e-02 -1.360050e+00 -9.932501e-01 1.277757e+00 -2.555917e-01 -1.750408e-01 -3.538586e-01 -1.110407e+00 -5.558028e-01 -1.436516e+00 -3.935263e-01 3.481119e-01 7.699757e-01 5.294770e-02 -4.201794e-01 8.567979e-01
<Variance> 25
 1.626039e+01 2.718939e+01 4.709258e+01 5.461599e+01 4.190845e+01 5.797057e+01 4.579534e+01 5.627966e+01 5.307964e+01 4.129457e+01 4.901088e+01 3.903094e+01 2.485876e+00 2.788550e+00 3.578777e+00 3.859559e+00 3.834162e+00 4.629279e+00 4.749999e+00 5.040051e+00 3.958264e+00 3.936511e+00 3.763869e+00 3.190588e+00 1.288600e+00
<GConst> 1.068887e+02
<State> 3
<Mean> 25
 6.118644e+00 -1.138555e+00 2.542354e+00 3.226154e+00 -5.307987e+00 -6.359278e+00 -9.807066e+00 -2.679880e+00 4.773743e-01 1.174494e+00 -1.061520e-01 -1.040022e+00 2.933997e-02 1.137392e-01 -5.670331e-03 -2.831851e-02 8.479106e-02 6.206308e-02 6.258506e-02 -2.129610e-02 1.989282e-02 1.410434e-01 2.136128e-03 2.641678e-02 -2.376825e-01
<Variance> 25
 1.106125e+01 2.809156e+01 3.185362e+01 4.403219e+01 3.550314e+01 5.427501e+01 4.755310e+01 5.936240e+01 5.312582e+01 4.738227e+01 5.037366e+01 3.828193e+01 3.673127e-01 7.274625e-01 1.285209e+00 1.241186e+00 1.397599e+00 1.577741e+00 1.639291e+00 1.598474e+00 1.615571e+00 1.774473e+00 1.578268e+00 1.427477e+00 4.361373e-01
<GConst> 9.177342e+01
<State> 4
<Mean> 25
 5.647562e+00 5.428213e-01 2.886302e+00 2.406451e+00 -3.117432e+00 -3.889267e+00 -7.807566e+00 -2.818001e+00 2.114098e-01 8.260037e-01 -1.257526e+00 -7.727743e-01 -4.913944e-01 1.307058e+00 1.784819e-01 5.924540e-01 1.215726e+00 6.681365e-01 1.574365e+00 1.843772e-01 -1.116134e-01 -3.252854e-01 -1.311009e-01 2.986773e-01 -1.922444e+00
<Variance> 25
 1.532456e+01 3.250118e+01 4.494971e+01 4.517613e+01 4.656503e+01 5.987796e+01 4.978740e+01 5.949158e+01 5.418161e+01 4.985423e+01 5.292120e+01 4.448928e+01 1.575247e+00 2.661171e+00 2.417626e+00 2.944068e+00 3.266860e+00 3.592531e+00 4.059087e+00 3.844523e+00 3.769356e+00 3.549058e+00 3.413420e+00 3.184862e+00 2.682336e+00
<GConst> 1.059385e+02
<TransP> 5
 0.000000e+00 1.000000e+00 0.000000e+00 0.000000e+00 0.000000e+00
 0.000000e+00 4.114276e-01 5.885723e-01 0.000000e+00 0.000000e+00
 0.000000e+00 0.000000e+00 7.646052e-01 2.353949e-01 0.000000e+00
 0.000000e+00 0.000000e+00 0.000000e+00 5.911714e-01 4.088286e-01
 0.000000e+00 0.000000e+00 0.000000e+00 0.000000e+00 0.000000e+00
<EndHMM>
~h "aaa"
<BeginHMM>
<NumStates> 5
<State> 2
<Mean> 25
 5.928692e+00 -7.275351e+00 -4.469074e+00 -5.417567e+00 -3.382432e+00 -2.869935e+00 -2.235512e+00 2.435157e+00 2.481157e+00 6.466526e-02 -5.482452e+00 -3.091601e+00 7.128414e-01 -2.045030e+00 -1.288202e+00 -1.143801e+00 9.888705e-02 3.318309e-01 4.710489e-01 1.217175e+00 3.246822e-01 -4.583595e-01 -1.328623e+00 -5.783354e-01 1.754822e+00
<Variance> 25
 1.884419e+01 3.276466e+01 4.188722e+01 3.534908e+01 5.680566e+01 6.817960e+01 5.147860e+01 4.833921e+01 4.223439e+01 4.769086e+01 4.814587e+01 4.352587e+01 2.831819e+00 2.838955e+00 3.402348e+00 3.657715e+00 4.546152e+00 4.813941e+00 5.138651e+00 4.687999e+00 4.292044e+00 4.195688e+00 4.138873e+00 3.836504e+00 2.991807e+00
<GConst> 1.086344e+02
<State> 3
<Mean> 25
 6.194189e+00 -9.874460e+00 -7.333035e+00 -6.365669e+00 -1.853276e-01 -6.631663e-02 -9.136072e-01 2.163903e+00 1.956855e+00 -1.929885e+00 -6.790122e+00 -4.244360e+00 1.638341e-04 1.628242e-01 9.984865e-02 2.003055e-01 4.102707e-02 -4.492935e-02 4.591557e-02 -1.272155e-01 -9.274416e-02 -1.708795e-01 1.661438e-02 1.009787e-01 -2.615338e-01
<Variance> 25
 1.472108e+01 2.762311e+01 3.563829e+01 3.333480e+01 5.224307e+01 6.495608e+01 5.510717e+01 5.130461e+01 4.519637e+01 5.137048e+01 4.483229e+01 4.958996e+01 4.626831e-01 1.108901e+00 1.403510e+00 1.268300e+00 2.440246e+00 2.286806e+00 2.271374e+00 2.109498e+00 1.913168e+00 2.101132e+00 1.928656e+00 1.815630e+00 6.029429e-01
<GConst> 9.590232e+01
<State> 4
<Mean> 25
 6.757410e+00 -5.557060e+00 -3.730543e+00 -4.035889e+00 -3.116027e+00 -3.046483e+00 -1.759244e+00 1.757416e+00 1.707433e+00 -1.105441e+00 -5.914520e+00 -2.653042e+00 -2.010310e-01 2.076591e+00 1.132507e+00 1.286497e+00 1.587051e-01 -1.998682e-01 -1.111265e-01 -8.279713e-01 -3.315019e-01 -7.673218e-02 6.205975e-01 3.876526e-01 -2.098532e+00
<Variance> 25
 1.393375e+01 3.162959e+01 4.269059e+01 3.397171e+01 5.571867e+01 6.642791e+01 5.330443e+01 5.052861e+01 4.569529e+01 5.185683e+01 4.525530e+01 4.178617e+01 1.788662e+00 2.404307e+00 2.465093e+00 2.614911e+00 3.541680e+00 3.599779e+00 3.963178e+00 3.778070e+00 3.430819e+00 3.273692e+00 2.984789e+00 2.893453e+00 2.046769e+00
<GConst> 1.046101e+02
<TransP> 5
 0.000000e+00 1.000000e+00 0.000000e+00 0.000000e+00 0.000000e+00
 0.000000e+00 5.354727e-01 4.645273e-01 0.000000e+00 0.000000e+00
 0.000000e+00 0.000000e+00 7.090772e-01 2.909229e-01 0.000000e+00
 0.000000e+00 0.000000e+00 0.000000e+00 6.362285e-01 3.637715e-01
 0.000000e+00 0.000000e+00 0.000000e+00 0.000000e+00 0.000000e+00
<EndHMM>
~h "a~"
<BeginHMM>
<NumStates> 5
<State> 2
<Mean> 25
 8.141931e+00 -4.296230e+00 -8.327268e+00 -9.916400e+00 1.311783e+00 3.856091e+00 -4.525385e+00 -2.021652e+00 -4.206807e-01 -7.524584e-01 -2.139360e+00 -4.208780e+00 1.511994e+00 -9.691061e-01 -1.614413e+00 -2.356329e+00 2.291650e-01 2.093360e+00 5.136659e-02 2.910909e-01 -1.105969e+00 -6.174667e-01 5.990959e-01 -2.627740e-01 8.340970e-01
<Variance> 25
 1.436607e+01 3.002403e+01 2.577769e+01 3.796920e+01 3.751997e+01 5.970404e+01 5.141022e+01 4.118604e+01 5.573666e+01 4.664891e+01 5.125121e+01 3.310699e+01 3.254111e+00 2.667398e+00 2.967779e+00 3.885380e+00 4.865843e+00 5.030908e+00 5.289947e+00 5.195411e+00 5.190807e+00 4.501805e+00 4.220560e+00 3.556798e+00 2.122682e+00
<GConst> 1.073024e+02
<State> 3
<Mean> 25
 1.013604e+01 -3.452333e+00 -9.805388e+00 -1.303149e+01 1.088969e+00 7.620830e+00 -1.278626e+00 -8.258516e-02 -5.806305e+00 -4.716459e+00 1.892364e-01 -3.135756e+00 1.048039e-01 3.703200e-01 1.931880e-01 1.845323e-01 -1.032469e-01 -3.254100e-01 2.596034e-01 4.065368e-03 -5.460107e-01 -6.503184e-02 -1.488566e-01 4.743360e-02 -4.139642e-01
<Variance> 25
 9.376613e+00 2.992494e+01 2.451322e+01 3.544547e+01 4.806715e+01 4.563399e+01 5.996970e+01 5.101557e+01 5.144757e+01 4.284381e+01 4.131682e+01 3.796913e+01 3.434892e-01 9.782699e-01 1.148508e+00 1.510852e+00 1.821312e+00 2.224078e+00 2.342624e+00 2.430130e+00 2.584839e+00 2.658246e+00 2.263427e+00 1.758041e+00 5.064481e-01
<GConst> 9.435320e+01
<State> 4
<Mean> 25
 9.527891e+00 -1.160574e-01 -5.043062e+00 -6.688870e+00 9.011025e-01 2.310756e+00 -1.990179e+00 -4.671497e+00 -6.563757e+00 -1.479117e+00 -2.872308e+00 -3.539380e+00 -7.332258e-01 1.365935e+00 1.649315e+00 2.225096e+00 2.290260e-02 -1.087227e+00 2.574081e-02 -1.090870e+00 4.404996e-01 3.803827e-01 -6.342766e-01 7.542907e-02 -1.342591e+00
<Variance> 25
 1.150403e+01 3.351943e+01 3.294841e+01 4.531837e+01 3.659270e+01 5.117316e+01 6.626936e+01 5.733496e+01 4.841059e+01 4.628558e+01 5.221357e+01 3.477774e+01 1.941089e+00 2.088463e+00 2.520710e+00 3.235868e+00 3.552364e+00 3.729271e+00 4.310045e+00 4.884161e+00 3.864904e+00 3.765033e+00 3.333106e+00 2.502763e+00 1.211927e+00
<GConst> 1.043275e+02
<TransP> 5
 0.000000e+00 1.000000e+00 0.000000e+00 0.000000e+00 0.000000e+00
 0.000000e+00 6.219706e-01 3.780295e-01 0.000000e+00 0.000000e+00
 0.000000e+00 0.000000e+00 7.760106e-01 2.239894e-01 0.000000e+00
 0.000000e+00 0.000000e+00 0.000000e+00 7.237118e-01 2.762882e-01
 0.000000e+00 0.000000e+00 0.000000e+00 0.000000e+00 0.000000e+00
<EndHMM>
~h "b"
<BeginHMM>
<NumStates> 5
<State> 2
<Mean> 25
 1.011368e+01 2.425950e+00 2.852280e+00 2.490408e+00 -1.809074e+00 -2.908350e+00 -5.221000e+00 -5.243139e+00 -3.214441e+00 -8.694860e-01 -4.055585e+00 -4.649894e+00 5.032202e-01 2.201093e+00 3.099675e-01 1.303705e+00 1.349434e+00 7.830628e-01 7.880542e-01 -4.492670e-01 -2.914836e-01 -5.462683e-01 -4.718128e-01 -6.739929e-01 -2.535671e+00
<Variance> 25
 1.284071e+01 3.369153e+01 3.374554e+01 3.576584e+01 4.104502e+01 5.073022e+01 4.782712e+01 4.245807e+01 4.576101e+01 4.175563e+01 4.639350e+01 3.528117e+01 1.498377e+00 2.033034e+00 2.264416e+00 3.019882e+00 3.409490e+00 3.381895e+00 3.470474e+00 3.628930e+00 3.900927e+00 3.622326e+00 2.920562e+00 2.726030e+00 2.041457e+00
<GConst> 1.027770e+02
<State> 3
<Mean> 25
 8.895398e+00 7.957759e+00 4.012462e+00 4.600798e+00 1.525659e+00 -4.709839e-01 -2.093544e+00 -4.539881e+00 -3.574202e+00 -2.275989e+00 -3.544069e+00 -4.059947e+00 -7.043471e-01 3.417323e-01 2.256530e-01 4.379984e-01 3.778988e-01 8.148147e-02 2.294140e-01 2.361387e-01 2.205645e-01 -1.894519e-01 1.215004e-01 1.677266e-01 -2.699358e-01
<Variance> 25
 2.047209e+01 2.695792e+01 2.693441e+01 3.006963e+01 3.460257e+01 3.223823e+01 3.218843e+01 3.410006e+01 3.514817e+01 3.282543e+01 3.517466e+01 3.142680e+01 1.123654e+00 1.455761e+00 1.455185e+00 1.556900e+00 1.887797e+00 2.133013e+00 2.269789e+00 2.174234e+00 2.404181e+00 2.190131e+00 2.103510e+00 1.779570e+00 1.152488e+00
<GConst> 9.445625e+01
<State> 4
<Mean> 25
 6.314792e+00 4.395189e+00 3.307204e+00 4.983785e+00 9.555994e-01 -1.630802e+00 -3.128396e+00 -4.200756e+00 -1.897170e+00 -1.906025e+00 -2.988116e+00 -3.507091e+00 -1.072064e+00 -2.065384e+00 -3.214660e-01 -9.771249e-01 -1.110363e+00 -7.806237e-01 -8.396564e-01 4.946798e-01 8.276284e-01 5.467956e-01 7.275285e-01 8.828127e-01 2.845331e+00
<Variance> 25
 2.372702e+01 3.314381e+01 3.207018e+01 3.371805e+01 3.677930e+01 3.650517e+01 4.122241e+01 3.143721e+01 3.374148e+01 3.362498e+01 3.055251e+01 2.821052e+01 3.709164e+00 3.454392e+00 6.017889e+00 6.179876e+00 5.180751e+00 5.329431e+00 5.166524e+00 4.532312e+00 4.418040e+00 4.357004e+00 3.842759e+00 3.107567e+00 2.794098e+00
<GConst> 1.068660e+02
<TransP> 5
 0.000000e+00 1.000000e+00 0.000000e+00 0.000000e+00 0.000000e+00
 0.000000e+00 5.436741e-01 4.563259e-01 0.000000e+00 0.000000e+00
 0.000000e+00 0.000000e+00 5.582196e-01 4.417803e-01 0.000000e+00
 0.000000e+00 0.000000e+00 0.000000e+00 5.473223e-01 4.526777e-01
 0.000000e+00 0.000000e+00 0.000000e+00 0.000000e+00 0.000000e+00
<EndHMM>
~h "d"
<BeginHMM>
<NumStates> 5
<State> 2
<Mean> 25
 6.437621e+00 6.162179e+00 5.099793e+00 2.651429e+00 -1.785126e+00 -3.502802e+00 -3.526534e+00 -3.669749e+00 -2.456793e+00 -2.414470e+00 -4.892653e+00 -2.543278e+00 -1.749846e-01 9.679346e-01 3.980284e-01 6.924024e-01 7.464988e-01 3.088004e-01 5.874425e-01 2.123820e-01 1.245332e-01 -3.318607e-01 -1.956155e-01 -3.028692e-01 -1.156638e+00
<Variance> 25
 2.352522e+01 3.147000e+01 2.976427e+01 3.458824e+01 4.559021e+01 4.490919e+01 5.375741e+01 4.505452e+01 3.711308e+01 3.876338e+01 3.682512e+01 3.290622e+01 2.408881e+00 2.258273e+00 2.302689e+00 2.318578e+00 3.142494e+00 3.297404e+00 3.676755e+00 3.317083e+00 2.758669e+00 2.802922e+00 2.706311e+00 2.548408e+00 2.981921e+00
<GConst> 1.025559e+02
<State> 3
<Mean> 25
 2.518315e+00 6.894142e+00 5.384922e+00 2.923884e+00 1.964677e+00 -1.853323e+00 -1.708270e+00 -3.031247e+00 -2.417098e+00 -3.074104e+00 -3.913173e+00 -3.236330e+00 -2.113006e+00 -1.285869e+00 -1.004710e-01 -7.673528e-01 3.134786e-01 -5.038621e-01 -4.078505e-01 3.876308e-01 4.391709e-01 2.456459e-01 8.204907e-01 6.790541e-01 2.309709e+00
<Variance> 25
 4.029110e+01 3.195589e+01 2.947046e+01 3.404687e+01 4.075819e+01 4.165504e+01 3.977447e+01 3.637809e+01 2.881593e+01 3.096584e+01 2.808423e+01 2.632961e+01 3.195988e+00 3.794525e+00 3.132468e+00 3.202404e+00 4.716395e+00 4.845806e+00 4.731681e+00 4.567713e+00 3.611123e+00 3.465555e+00 3.378864e+00 2.926590e+00 3.239402e+00
<GConst> 1.051298e+02
<State> 4
<Mean> 25
 7.599484e-01 1.040406e+00 4.253493e+00 -3.683813e-01 -2.312610e+00 -6.519589e+00 -5.744825e+00 -1.785159e+00 -8.217199e-01 -1.406268e+00 -2.580689e+00 2.942769e-01 3.658885e-01 -1.036491e+00 -3.398216e-01 -5.142009e-01 -1.311603e+00 -8.132681e-01 -1.085011e+00 2.215769e-01 5.003906e-01 4.267141e-01 1.212038e-01 4.171690e-01 1.498880e+00
<Variance> 25
 3.199128e+01 3.150943e+01 3.967654e+01 3.636712e+01 5.833245e+01 6.913534e+01 6.588147e+01 3.953855e+01 3.764377e+01 3.427788e+01 3.664671e+01 3.302766e+01 3.366254e+00 3.753567e+00 3.810493e+00 4.134813e+00 5.510537e+00 5.386135e+00 5.602917e+00 4.699648e+00 4.137261e+00 3.930326e+00 3.677102e+00 3.752642e+00 4.189935e+00
<GConst> 1.093668e+02
<TransP> 5
 0.000000e+00 1.000000e+00 0.000000e+00 0.000000e+00 0.000000e+00
 0.000000e+00 6.264393e-01 3.735607e-01 0.000000e+00 0.000000e+00
 0.000000e+00 0.000000e+00 4.589188e-01 5.410812e-01 0.000000e+00
 0.000000e+00 0.000000e+00 0.000000e+00 5.900725e-01 4.099275e-01
 0.000000e+00 0.000000e+00 0.000000e+00 0.000000e+00 0.000000e+00
<EndHMM>
~h "dummy"
<BeginHMM>
<NumStates> 5
<State> 2
<Mean> 25
 -1.933887e+00 2.202962e+00 -7.312553e-01 5.121081e-01 5.908340e+00 9.866245e+00 5.398752e+00 1.953518e+00 1.008172e+01 1.338373e+00 -1.726224e-01 2.184262e+00 -1.390381e-03 1.308495e-03 1.725696e-03 -3.374625e-03 2.700649e-03 5.584017e-04 -1.783549e-03 -6.365892e-04 2.794491e-03 6.348776e-04 -3.211799e-03 1.669084e-03 2.890250e-03
<Variance> 25
 1.649651e+01 3.698248e+01 3.875591e+01 4.188928e+01 4.059724e+01 8.329115e+01 6.683144e+01 5.102742e+01 1.050834e+02 8.780943e+01 3.485781e+01 5.555367e+01 6.135353e-01 1.383657e+00 1.180890e+00 1.252796e+00 1.329879e+00 1.831810e+00 1.803098e+00 1.720335e+00 2.177925e+00 1.983552e+00 1.649320e+00 1.789761e+00 6.875806e-01
<GConst> 9.713338e+01
<State> 3
<Mean> 25
 8.029348e-01 3.890716e-01 2.686312e-01 8.645042e-02 1.465855e-02 -4.418575e-01 -1.443633e+00 7.722272e-01 1.325253e-01 1.073745e+00 1.141043e+00 -9.910603e-01 7.035428e-03 9.618607e-03 4.334075e-03 4.404747e-03 -5.855807e-04 -9.029759e-03 -5.437996e-03 -3.285019e-03 -6.399214e-03 2.628290e-03 -1.498598e-03 -2.938719e-04 -8.011873e-03
<Variance> 25
 3.929665e+01 2.472393e+01 3.383741e+01 4.561400e+01 4.608596e+01 5.760744e+01 7.038599e+01 4.739400e+01 4.566105e+01 4.211263e+01 3.612003e+01 3.479570e+01 1.732922e+00 1.636677e+00 1.870801e+00 2.345854e+00 2.702440e+00 3.334545e+00 4.145181e+00 2.816791e+00 2.805064e+00 2.388552e+00 2.141167e+00 1.888039e+00 1.103687e+00
<GConst> 1.014374e+02
<State> 4
<Mean> 25
 1.888912e+00 -8.877350e-01 -3.038019e-01 -3.738824e+00 -3.059385e+00 -1.450978e+00 -2.153219e+00 -1.911021e+00 -3.635031e+00 -2.688632e+00 -3.340517e+00 -2.762083e+00 3.695739e-03 -2.280428e-03 -7.786745e-03 -4.453859e-03 9.522375e-03 1.330920e-02 3.121502e-03 -4.323637e-04 1.610426e-04 -4.527828e-03 -8.085958e-03 -9.976001e-03 1.537604e-02
<Variance> 25
 7.153707e+01 4.920123e+01 6.106873e+01 6.923547e+01 7.497235e+01 6.572767e+01 5.989111e+01 6.825611e+01 6.443652e+01 4.790389e+01 5.154368e+01 4.201543e+01 4.726119e+00 3.774430e+00 3.462429e+00 4.790158e+00 5.941520e+00 4.549004e+00 4.686098e+00 5.079096e+00 4.507437e+00 3.689652e+00 3.630267e+00 2.996472e+00 5.175619e+00
<GConst> 1.139948e+02
<TransP> 5
 0.000000e+00 1.000000e+00 0.000000e+00 0.000000e+00 0.000000e+00
 0.000000e+00 9.886498e-01 1.135021e-02 0.000000e+00 0.000000e+00
 0.000000e+00 0.000000e+00 9.946021e-01 5.397927e-03 0.000000e+00
 0.000000e+00 0.000000e+00 0.000000e+00 9.935238e-01 6.476216e-03
 0.000000e+00 0.000000e+00 0.000000e+00 0.000000e+00 0.000000e+00
<EndHMM>
~h "e"
<BeginHMM>
<NumStates> 5
<State> 2
<Mean> 25
 2.171233e+00 -4.197889e-01 7.039831e+00 -1.360896e+00 -9.553226e+00 -7.427777e+00 -2.957073e+00 -2.103985e+00 -2.950054e+00 -1.036336e+00 -6.003252e-01 5.502589e-01 1.151940e+00 -9.152724e-01 1.340925e+00 -1.113976e+00 -2.561272e+00 -1.026957e+00 -6.722291e-01 -1.325211e-01 -1.025044e+00 4.603569e-01 7.045393e-02 3.306898e-02 1.669466e+00
<Variance> 25
 1.885259e+01 3.409913e+01 4.022588e+01 4.153276e+01 4.057735e+01 4.330112e+01 3.899965e+01 4.532110e+01 3.969822e+01 3.987116e+01 3.253870e+01 2.688906e+01 4.034092e+00 2.876938e+00 3.754603e+00 3.700502e+00 4.228373e+00 4.827604e+00 5.840876e+00 4.679193e+00 3.987938e+00 4.071198e+00 4.107893e+00 2.873939e+00 2.896137e+00
<GConst> 1.066500e+02
<State> 3
<Mean> 25
 2.632412e+00 -7.713444e-01 9.156425e+00 -3.645671e+00 -1.293696e+01 -7.164832e+00 -3.192018e+00 -3.096189e+00 -4.688992e+00 4.704439e-01 2.586703e-03 -1.838671e-01 5.582916e-02 1.317914e-01 8.899479e-02 5.491045e-02 -1.010401e-01 9.829236e-02 1.070326e-01 -1.108961e-01 -1.268275e-01 8.992393e-02 -2.457670e-02 -5.721891e-02 -2.505887e-01
<Variance> 25
 1.095465e+01 3.275264e+01 4.066852e+01 4.410641e+01 2.753652e+01 4.197218e+01 4.165641e+01 4.968122e+01 4.236358e+01 4.068367e+01 3.891580e+01 3.085679e+01 5.395054e-01 1.241097e+00 1.311827e+00 1.537874e+00 1.656142e+00 1.683688e+00 1.868479e+00 2.120724e+00 1.888418e+00 2.062247e+00 1.719780e+00 1.507214e+00 7.802725e-01
<GConst> 9.331917e+01
<State> 4
<Mean> 25
 3.340369e+00 1.756298e+00 7.747497e+00 -7.169603e-02 -9.631986e+00 -6.490089e+00 -1.905642e+00 -2.772517e+00 -3.487389e+00 -4.986075e-01 -7.399256e-01 2.000855e-01 -6.681042e-02 9.863136e-01 -8.126183e-01 1.058678e+00 1.719324e+00 6.196526e-01 3.524503e-01 9.617236e-02 6.102543e-01 -3.024488e-01 -1.638555e-01 -8.328979e-02 -1.905669e+00
<Variance> 25
 1.517557e+01 3.991538e+01 3.744421e+01 4.000163e+01 4.126540e+01 4.633656e+01 3.861559e+01 4.871817e+01 4.050324e+01 3.940123e+01 3.787560e+01 3.130700e+01 1.996437e+00 2.955421e+00 2.398080e+00 2.875460e+00 3.693727e+00 3.278008e+00 3.697726e+00 3.597344e+00 3.196833e+00 3.160752e+00 2.951319e+00 2.460695e+00 2.886862e+00
<GConst> 1.033577e+02
<TransP> 5
 0.000000e+00 1.000000e+00 0.000000e+00 0.000000e+00 0.000000e+00
 0.000000e+00 5.061331e-01 4.938669e-01 0.000000e+00 0.000000e+00
 0.000000e+00 0.000000e+00 7.186323e-01 2.813677e-01 0.000000e+00
 0.000000e+00 0.000000e+00 0.000000e+00 6.543459e-01 3.456541e-01
 0.000000e+00 0.000000e+00 0.000000e+00 0.000000e+00 0.000000e+00
<EndHMM>
~h "ee"
<BeginHMM>
<NumStates> 5
<State> 2
<Mean> 25
 4.027148e+00 -3.882967e+00 3.346956e+00 -2.495247e+00 -9.152421e+00 -7.714753e+00 -2.201093e+00 1.426091e+00 -6.089884e-01 -1.524062e+00 -2.214749e+00 -2.204323e-03 1.086796e+00 -1.681342e+00 1.878189e-01 -1.428250e+00 -2.009467e+00 -6.764821e-01 -6.084545e-02 9.302367e-01 -3.909484e-01 9.013297e-02 -3.437167e-01 -1.319927e-01 1.860275e+00
<Variance> 25
 1.500281e+01 3.130592e+01 3.846415e+01 3.530006e+01 3.895987e+01 4.219672e+01 4.376268e+01 4.347965e+01 4.164465e+01 3.572147e+01 3.561686e+01 2.678891e+01 3.966324e+00 2.881633e+00 3.867060e+00 3.217699e+00 4.831391e+00 5.005192e+00 5.514732e+00 4.284221e+00 4.063467e+00 3.898688e+00 4.387503e+00 2.944536e+00 2.235039e+00
<GConst> 1.058652e+02
<State> 3
<Mean> 25
 4.083816e+00 -5.617162e+00 3.282993e+00 -4.510093e+00 -1.063972e+01 -6.946374e+00 -2.020886e-01 3.147635e+00 -1.358069e+00 -1.057085e+00 -1.937381e+00 -6.876383e-01 2.535041e-03 7.322665e-03 -4.386943e-03 -5.984707e-02 4.777803e-02 1.918910e-01 5.515449e-02 -5.586881e-02 -1.930177e-01 -7.577276e-02 -1.052527e-01 -4.225889e-02 -1.466380e-01
<Variance> 25
 1.232401e+01 3.178827e+01 4.343285e+01 3.637205e+01 3.350230e+01 4.695311e+01 5.406732e+01 5.404417e+01 4.763340e+01 3.829856e+01 4.029995e+01 2.877380e+01 4.177228e-01 1.160926e+00 1.578965e+00 1.188526e+00 2.089295e+00 1.820450e+00 2.216341e+00 2.094149e+00 2.017170e+00 2.024272e+00 1.753841e+00 1.508554e+00 4.694331e-01
<GConst> 9.358845e+01
<State> 4
<Mean> 25
 4.411394e+00 -2.282824e+00 4.867251e+00 -2.119461e+00 -9.321542e+00 -6.498225e+00 -2.282735e+00 1.717147e-01 -2.139537e+00 -1.801936e+00 -2.477453e+00 -5.010819e-02 7.775872e-02 1.377865e+00 -1.265892e-01 1.142334e+00 1.457712e+00 5.839418e-01 -3.274662e-01 -7.611666e-01 2.760950e-01 -2.477128e-01 -2.063244e-01 -1.088812e-01 -1.878229e+00
<Variance> 25
 1.210737e+01 4.303630e+01 5.280265e+01 3.914820e+01 4.145558e+01 4.340061e+01 4.641945e+01 5.545333e+01 4.906433e+01 4.931818e+01 4.664907e+01 3.516389e+01 1.301100e+00 2.336004e+00 2.528527e+00 2.353414e+00 3.418721e+00 3.112910e+00 4.503489e+00 3.815326e+00 3.326387e+00 3.200962e+00 2.927226e+00 2.587366e+00 1.758001e+00
<GConst> 1.034372e+02
<TransP> 5
 0.000000e+00 1.000000e+00 0.000000e+00 0.000000e+00 0.000000e+00
 0.000000e+00 4.874198e-01 5.125802e-01 0.000000e+00 0.000000e+00
 0.000000e+00 0.000000e+00 7.097485e-01 2.902515e-01 0.000000e+00
 0.000000e+00 0.000000e+00 0.000000e+00 6.223516e-01 3.776484e-01
 0.000000e+00 0.000000e+00 0.000000e+00 0.000000e+00 0.000000e+00
<EndHMM>
~h "eu"
<BeginHMM>
<NumStates> 5
<State> 2
<Mean> 25
 6.059591e+00 -1.811080e-01 -8.805823e-01 -3.675566e+00 -5.141883e+00 -4.072866e+00 -6.421798e+00 -3.742221e+00 -1.789616e+00 -1.879468e+00 -2.694569e+00 -1.702202e+00 1.427549e+00 -7.968854e-01 -6.389611e-01 -1.207392e+00 -1.571225e+00 -8.241704e-01 -1.265944e+00 -3.775711e-01 -3.951228e-01 -1.933458e-01 -6.504607e-01 -5.181435e-01 1.150220e+00
<Variance> 25
 2.993469e+01 3.518883e+01 5.547343e+01 6.055756e+01 5.269667e+01 6.643977e+01 5.651672e+01 5.359422e+01 5.053712e+01 5.059545e+01 4.719751e+01 3.784930e+01 3.445683e+00 3.004249e+00 3.510041e+00 4.679511e+00 5.185941e+00 5.995186e+00 5.804675e+00 5.790559e+00 5.193032e+00 4.843791e+00 4.549572e+00 3.723911e+00 2.243673e+00
<GConst> 1.114882e+02
<State> 3
<Mean> 25
 6.709337e+00 -2.049690e+00 -2.450593e+00 -6.158303e+00 -6.952875e+00 -4.250047e+00 -6.232938e+00 -2.871551e+00 -3.153855e+00 -3.536623e+00 -4.389902e+00 -2.862848e+00 1.326073e-02 1.118611e-01 1.129904e-01 1.238346e-01 1.512288e-02 -5.952305e-02 -3.683495e-02 -9.778487e-02 -1.831085e-01 -3.281258e-02 -4.246882e-02 -2.206309e-02 -1.675656e-01
<Variance> 25
 2.402195e+01 4.157849e+01 6.223975e+01 6.182185e+01 5.938799e+01 6.934846e+01 6.449466e+01 6.300839e+01 6.321058e+01 6.347179e+01 5.680655e+01 4.667466e+01 5.366638e-01 1.282157e+00 1.587147e+00 1.974000e+00 2.175593e+00 2.377422e+00 2.395470e+00 2.589056e+00 2.422190e+00 2.527957e+00 2.296517e+00 2.097095e+00 8.132493e-01
<GConst> 1.013354e+02
<State> 4
<Mean> 25
 6.247424e+00 1.100917e+00 6.200256e-01 -2.004205e+00 -4.379158e+00 -4.356525e+00 -6.251441e+00 -4.286066e+00 -3.416217e+00 -2.001457e+00 -3.039584e+00 -2.191483e+00 -7.763660e-01 1.311796e+00 9.718377e-01 1.562562e+00 1.450953e+00 4.440197e-01 8.567961e-01 -1.670528e-01 -1.763065e-01 3.079419e-02 2.493461e-01 5.025801e-02 -1.649333e+00
<Variance> 25
 2.856931e+01 3.383471e+01 5.134650e+01 5.042625e+01 5.866252e+01 6.480401e+01 5.732914e+01 5.694319e+01 5.943307e+01 5.562342e+01 5.584905e+01 4.351926e+01 2.582589e+00 3.124306e+00 3.519533e+00 4.375831e+00 5.469593e+00 5.042327e+00 5.002661e+00 5.451470e+00 4.917199e+00 4.500287e+00 4.470026e+00 3.601877e+00 3.864305e+00
<GConst> 1.115861e+02
<TransP> 5
 0.000000e+00 1.000000e+00 0.000000e+00 0.000000e+00 0.000000e+00
 0.000000e+00 5.213455e-01 4.786545e-01 0.000000e+00 0.000000e+00
 0.000000e+00 0.000000e+00 7.763962e-01 2.236038e-01 0.000000e+00
 0.000000e+00 0.000000e+00 0.000000e+00 5.641208e-01 4.358792e-01
 0.000000e+00 0.000000e+00 0.000000e+00 0.000000e+00 0.000000e+00
<EndHMM>
~h "f"
<BeginHMM>
<NumStates> 5
<State> 2
<Mean> 25
 -5.085613e+00 1.891069e+00 2.161510e+00 4.809469e+00 -7.345933e-01 -1.035174e+00 -1.921544e-01 -2.195004e-01 -5.656860e-02 -1.310249e+00 -1.829079e+00 -9.923196e-01 -2.650496e+00 -7.125839e-01 -1.021379e+00 6.545163e-01 6.315876e-01 5.887005e-01 7.568519e-01 9.840543e-01 9.554180e-01 5.015143e-01 5.739949e-01 5.434527e-01 -1.339584e-01
<Variance> 25
 3.892089e+01 2.006920e+01 4.124771e+01 3.147507e+01 3.833714e+01 3.581209e+01 4.518363e+01 3.760604e+01 3.185575e+01 3.108634e+01 2.685653e+01 2.374604e+01 2.679929e+00 2.686900e+00 3.571607e+00 3.480600e+00 3.467323e+00 3.451565e+00 4.024629e+00 3.756990e+00 3.625425e+00 3.270867e+00 3.097569e+00 2.444515e+00 1.000220e+00
<GConst> 1.019854e+02
<State> 3
<Mean> 25
 -1.015042e+01 -2.511553e+00 -2.450238e+00 3.632091e+00 1.147876e+00 7.783774e-01 2.101920e+00 2.587101e+00 2.559086e+00 1.294269e+00 1.023371e+00 1.320099e+00 -8.705532e-02 -3.252181e-01 -1.988345e-01 -1.765089e-01 8.699510e-02 1.417030e-01 9.089841e-02 -1.973322e-02 3.323143e-02 9.047447e-02 1.202987e-01 6.782909e-02 -1.370427e-01
<Variance> 25
 1.886592e+01 2.510325e+01 2.586719e+01 2.404907e+01 3.148787e+01 2.641531e+01 3.518599e+01 2.899703e+01 2.665735e+01 2.445385e+01 2.377586e+01 2.008873e+01 1.079579e+00 9.074457e-01 1.285526e+00 1.233735e+00 1.586581e+00 1.659002e+00 1.702002e+00 1.705719e+00 1.786415e+00 1.717381e+00 1.574760e+00 1.413864e+00 5.094802e-01
<GConst> 8.856175e+01
<State> 4
<Mean> 25
 -6.837764e+00 -2.230082e+00 -1.329925e+00 2.644103e+00 5.598800e-01 7.304604e-01 1.608502e+00 1.016207e+00 1.653530e+00 7.075417e-01 2.426801e-01 6.060814e-01 3.220242e+00 4.460217e-01 5.035341e-01 -1.375397e+00 -9.263180e-01 -6.732479e-01 -9.466050e-01 -8.533140e-01 -8.455580e-01 -3.724724e-01 -5.094498e-01 -5.284356e-01 6.656510e-01
<Variance> 25
 4.246880e+01 2.216028e+01 4.450663e+01 3.082557e+01 3.417105e+01 3.317231e+01 4.329614e+01 3.507238e+01 3.072827e+01 2.891283e+01 2.875439e+01 2.284194e+01 4.996486e+00 3.524750e+00 3.839806e+00 4.660234e+00 4.268988e+00 5.488746e+00 4.102792e+00 3.730998e+00 3.938600e+00 3.436505e+00 3.407367e+00 2.536171e+00 2.797247e+00
<GConst> 1.050794e+02
<TransP> 5
 0.000000e+00 1.000000e+00 0.000000e+00 0.000000e+00 0.000000e+00
 0.000000e+00 6.943429e-01 3.056571e-01 0.000000e+00 0.000000e+00
 0.000000e+00 0.000000e+00 8.282464e-01 1.717537e-01 0.000000e+00
 0.000000e+00 0.000000e+00 0.000000e+00 5.807449e-01 4.192552e-01
 0.000000e+00 0.000000e+00 0.000000e+00 0.000000e+00 0.000000e+00
<EndHMM>
~h "fp"
<BeginHMM>
<NumStates> 5
<State> 2
<Mean> 25
 2.014632e+00 1.686758e-01 6.039886e-01 7.125280e-02 -1.158741e+00 -1.193475e+00 -1.492636e+00 -8.214715e-01 -2.190340e-01 -4.272121e-01 -8.444656e-01 -6.699558e-01 4.416015e-01 -1.475344e-01 -7.105006e-02 -1.950034e-01 -4.390935e-01 -3.623782e-01 -4.107942e-01 -9.742941e-02 2.754736e-02 -3.613891e-03 -7.755977e-02 -1.491172e-01 5.889232e-01
<Variance> 25
 6.518018e+01 3.792132e+01 5.209536e+01 4.809023e+01 6.695500e+01 6.424174e+01 5.687975e+01 5.352419e+01 4.935077e+01 4.490833e+01 3.996758e+01 3.192356e+01 4.888400e+00 3.360146e+00 3.618808e+00 4.128982e+00 5.679925e+00 5.207452e+00 5.088162e+00 4.697560e+00 4.352901e+00 3.980795e+00 3.577148e+00 2.963875e+00 5.417130e+00
<GConst> 1.117955e+02
<State> 3
<Mean> 25
 6.557330e+00 1.182180e-01 -3.371554e-01 -2.525568e-01 -3.411509e+00 -4.649679e+00 -4.707253e+00 -1.542433e+00 1.230218e+00 1.916353e+00 -1.042179e+00 -2.127379e+00 -2.904975e-02 6.771078e-02 5.150791e-02 9.018709e-02 8.153528e-02 3.070807e-02 3.913540e-02 -1.616171e-02 -1.454110e-02 1.061567e-03 3.098890e-03 1.812145e-02 -1.267348e-01
<Variance> 25
 2.887151e+01 2.333994e+01 2.737744e+01 3.065633e+01 3.740855e+01 4.265599e+01 3.837379e+01 4.299361e+01 3.890215e+01 4.743904e+01 4.682701e+01 3.223419e+01 2.170938e-01 4.472776e-01 6.128089e-01 7.299815e-01 9.471712e-01 1.024541e+00 1.035772e+00 1.118166e+00 1.128389e+00 1.113460e+00 1.002937e+00 9.336738e-01 2.482928e-01
<GConst> 8.456578e+01
<State> 4
<Mean> 25
 1.374343e+00 2.443682e+00 2.608691e+00 3.354708e+00 9.629043e-01 -8.301824e-01 -5.202267e-01 -5.690677e-01 -6.269166e-01 -5.522243e-01 -6.944156e-01 -2.935344e-01 -8.433855e-01 8.965545e-02 5.959327e-02 3.392264e-01 8.774818e-01 7.838821e-01 7.542446e-01 3.823327e-01 1.787221e-01 1.023869e-01 1.951051e-01 2.467258e-01 -7.038577e-01
<Variance> 25
 4.921783e+01 2.816996e+01 3.839229e+01 3.713937e+01 5.692111e+01 5.214936e+01 4.878375e+01 4.599157e+01 4.234048e+01 4.262397e+01 3.672819e+01 3.106607e+01 2.313430e+00 2.065770e+00 2.099323e+00 2.415754e+00 3.678925e+00 3.505062e+00 3.331384e+00 3.196590e+00 3.166795e+00 3.088818e+00 2.762041e+00 2.280123e+00 2.246099e+00
<GConst> 1.037335e+02
<TransP> 5
 0.000000e+00 1.000000e+00 0.000000e+00 0.000000e+00 0.000000e+00
 0.000000e+00 7.617964e-01 2.382036e-01 0.000000e+00 0.000000e+00
 0.000000e+00 0.000000e+00 9.208273e-01 7.917275e-02 0.000000e+00
 0.000000e+00 0.000000e+00 0.000000e+00 6.873756e-01 3.126243e-01
 0.000000e+00 0.000000e+00 0.000000e+00 0.000000e+00 0.000000e+00
<EndHMM>
~h "g"
<BeginHMM>
<NumStates> 5
<State> 2
<Mean> 25
 6.531651e+00 2.900614e+00 7.687128e+00 2.545255e+00 -7.449335e+00 -5.497214e+00 -2.029157e+00 -2.961260e+00 -5.937662e+00 2.368737e-01 -2.569120e+00 -3.816438e+00 2.163641e-01 1.537044e+00 1.688930e-01 1.046634e+00 1.075336e+00 5.256953e-01 6.582335e-01 -3.717357e-01 4.261136e-02 -1.714997e-01 -1.943773e-01 -3.459006e-01 -2.163778e+00
<Variance> 25
 1.678624e+01 3.381316e+01 4.998198e+01 3.690298e+01 5.131925e+01 5.025643e+01 6.383185e+01 6.882256e+01 4.572459e+01 4.406693e+01 6.209364e+01 3.570744e+01 1.329798e+00 2.171870e+00 2.400130e+00 2.247686e+00 3.466026e+00 3.223829e+00 4.098773e+00 3.996003e+00 4.281165e+00 3.616449e+00 3.278176e+00 2.355408e+00 2.122336e+00
<GConst> 1.048555e+02
<State> 3
<Mean> 25
 5.926537e+00 6.805892e+00 5.860405e+00 4.435794e+00 -1.757734e+00 -2.433450e+00 -6.183193e-01 -3.972097e+00 -3.724103e+00 -7.842070e-01 -3.368957e+00 -3.671241e+00 -1.746503e+00 -1.191420e+00 -3.623315e-01 -5.530533e-02 1.410305e+00 3.807905e-01 -6.824392e-02 1.292309e-01 5.448499e-01 2.396469e-01 3.088922e-01 6.141747e-01 1.017051e+00
<Variance> 25
 2.252221e+01 2.935649e+01 3.612421e+01 2.947100e+01 4.917620e+01 3.748844e+01 3.979913e+01 4.188675e+01 2.977947e+01 2.883209e+01 3.949052e+01 2.825480e+01 2.255435e+00 3.723331e+00 4.456165e+00 3.962105e+00 5.446496e+00 4.480393e+00 4.789852e+00 4.231166e+00 3.898641e+00 3.766450e+00 3.914434e+00 2.630071e+00 3.100319e+00
<GConst> 1.054748e+02
<State> 4
<Mean> 25
 9.802261e-01 -3.498884e-01 6.495366e+00 3.039059e-01 -5.165221e+00 -4.027740e+00 -7.171221e-01 -3.206064e+00 -2.938037e+00 2.523481e+00 -1.499269e+00 -1.443379e+00 -1.929340e-01 -1.357295e+00 -5.271752e-01 -1.611506e+00 -1.488597e+00 -7.192863e-01 -7.838355e-02 8.387831e-01 4.187516e-01 5.665343e-01 5.294993e-01 3.789869e-01 2.396999e+00
<Variance> 25
 2.477872e+01 3.256096e+01 5.652719e+01 4.272485e+01 1.000881e+02 4.808187e+01 4.319185e+01 4.608050e+01 4.186733e+01 3.827927e+01 3.948302e+01 2.733781e+01 3.850374e+00 3.696865e+00 4.740927e+00 3.776929e+00 7.418298e+00 4.356015e+00 5.135588e+00 5.462950e+00 4.522870e+00 4.806027e+00 3.607014e+00 3.028986e+00 2.868606e+00
<GConst> 1.097425e+02
<TransP> 5
 0.000000e+00 1.000000e+00 0.000000e+00 0.000000e+00 0.000000e+00
 0.000000e+00 6.633094e-01 3.366905e-01 0.000000e+00 0.000000e+00
 0.000000e+00 0.000000e+00 4.200090e-01 5.799910e-01 0.000000e+00
 0.000000e+00 0.000000e+00 0.000000e+00 6.202291e-01 3.797709e-01
 0.000000e+00 0.000000e+00 0.000000e+00 0.000000e+00 0.000000e+00
<EndHMM>
~h "noise"
<BeginHMM>
<NumStates> 5
<State> 2
<Mean> 25
 2.807395e-01 1.474263e-01 6.953185e-01 2.024702e-01 1.629292e-01 -7.317472e-02 -8.118668e-02 -2.426113e-01 -1.092038e-01 -6.257833e-01 -8.582534e-01 -1.554553e-01 -1.712661e-01 -2.292384e-01 -1.485993e-01 -6.776345e-02 5.353101e-02 5.501343e-02 1.019161e-01 1.733762e-01 1.667868e-01 4.093227e-02 7.227267e-02 7.168749e-02 1.625487e-01
<Variance> 25
 6.057380e+01 4.635712e+01 6.032808e+01 6.139095e+01 8.526501e+01 6.565527e+01 6.191894e+01 5.724211e+01 5.460595e+01 5.114474e+01 4.658865e+01 3.906421e+01 5.367339e+00 4.091873e+00 4.506637e+00 5.720000e+00 7.344190e+00 6.193740e+00 5.938200e+00 5.709569e+00 5.341121e+00 4.907612e+00 4.376925e+00 3.483678e+00 8.357631e+00
<GConst> 1.161426e+02
<State> 3
<Mean> 25
 -5.935339e+00 -4.824658e+00 -1.936915e+00 6.144067e-01 1.297478e+00 6.812032e-01 3.318014e+00 3.799116e+00 2.136591e+00 1.385204e-01 2.284827e+00 3.054869e+00 -4.025672e-02 1.899956e-02 1.090330e-02 7.126060e-03 -1.078425e-03 2.249643e-02 2.866205e-02 2.462680e-02 6.846793e-03 2.501966e-02 2.784657e-02 2.338503e-02 -3.338369e-02
<Variance> 25
 2.883747e+01 2.488883e+01 2.155115e+01 2.579969e+01 3.252287e+01 3.430141e+01 2.931656e+01 2.954665e+01 3.251694e+01 3.364789e+01 2.713454e+01 2.337476e+01 9.647620e-01 1.174191e+00 1.130043e+00 1.306678e+00 1.691053e+00 1.900383e+00 1.858102e+00 2.050581e+00 2.071916e+00 2.236214e+00 1.886817e+00 1.790248e+00 1.533059e+00
<GConst> 9.227253e+01
<State> 4
<Mean> 25
 -1.936817e-01 1.636367e-01 1.943444e-01 3.846923e-01 4.419009e-01 3.949106e-01 1.374265e-01 3.662388e-01 5.822751e-02 8.760945e-02 3.797397e-01 2.213395e-02 4.471203e-03 5.483059e-03 3.168369e-03 1.530330e-03 -1.388274e-03 -2.960610e-03 -4.817908e-03 -5.729194e-03 -3.832867e-03 -1.503168e-03 -2.309530e-03 -2.579584e-03 -1.660670e-03
<Variance> 25
 5.540400e+01 2.745567e+01 3.421735e+01 3.861478e+01 5.895769e+01 5.827910e+01 5.287592e+01 4.141915e+01 4.218786e+01 3.771463e+01 3.842628e+01 2.829756e+01 2.113431e+00 1.480271e+00 1.763924e+00 2.237121e+00 3.243348e+00 3.208064e+00 2.951044e+00 2.730482e+00 2.654402e+00 2.355454e+00 2.333094e+00 1.939520e+00 2.092989e+00
<GConst> 1.016813e+02
<TransP> 5
 0.000000e+00 1.000000e+00 0.000000e+00 0.000000e+00 0.000000e+00
 0.000000e+00 8.156859e-01 1.843141e-01 0.000000e+00 0.000000e+00
 0.000000e+00 0.000000e+00 9.166008e-01 8.339918e-02 0.000000e+00
 0.000000e+00 0.000000e+00 0.000000e+00 9.944006e-01 5.599471e-03
 0.000000e+00 0.000000e+00 0.000000e+00 0.000000e+00 0.000000e+00
<EndHMM>
~h "hh"
<BeginHMM>
<NumStates> 5
<State> 2
<Mean> 25
 1.606367e+00 -1.344882e+00 8.312148e+00 7.649598e+00 -6.256706e+00 -4.187562e+00 -2.834743e+00 -2.537415e+00 -3.622427e+00 -4.793485e+00 -9.124970e-01 -3.235831e-01 1.243861e+00 2.488267e-01 1.709547e+00 7.657853e-01 -1.674917e+00 -1.662704e+00 -1.440275e-01 -3.573589e-01 -1.656945e+00 -7.958204e-01 6.000677e-01 -2.714985e-01 4.053625e-01
<Variance> 25
 6.239471e+01 3.021747e+01 3.747152e+01 5.008823e+01 5.203906e+01 5.332000e+01 4.362730e+01 4.036580e+01 3.934105e+01 3.560989e+01 2.732770e+01 2.708169e+01 4.330057e+00 2.923592e+00 4.014626e+00 3.882248e+00 5.211327e+00 5.970578e+00 5.390559e+00 4.186105e+00 4.161129e+00 3.954784e+00 3.444609e+00 3.049738e+00 1.749956e+00
<GConst> 1.078308e+02
<State> 3
<Mean> 25
 6.392993e+00 -1.019282e+00 1.187769e+01 9.984824e+00 -9.521311e+00 -7.855688e+00 -3.550071e+00 -1.565657e+00 -8.008809e+00 -5.923082e+00 9.480315e-01 -1.786360e+00 -2.817208e-01 2.185033e-01 8.554558e-01 -6.511703e-01 -8.090116e-01 1.119219e-01 1.581866e-01 -2.930423e-01 -9.408514e-01 5.234796e-01 2.512968e-01 -5.801927e-01 2.496590e-01
<Variance> 25
 1.422378e+01 1.845642e+01 3.034001e+01 3.689284e+01 3.643461e+01 3.449696e+01 2.705800e+01 3.089614e+01 3.899577e+01 3.702719e+01 2.594124e+01 3.159043e+01 9.841922e-01 1.193668e+00 2.511856e+00 2.665053e+00 3.036559e+00 3.310292e+00 2.881399e+00 2.666126e+00 2.749547e+00 2.588354e+00 2.160029e+00 2.044233e+00 7.948800e-01
<GConst> 9.601359e+01
<State> 4
<Mean> 25
 2.198732e+00 3.913256e+00 1.422637e+01 -2.116058e+00 -1.014051e+01 -3.387740e+00 -5.577454e+00 -5.935533e+00 -1.075799e+01 -2.341462e+00 -7.136225e-01 -4.670431e+00 -4.472577e-01 5.544567e-01 -3.257818e-01 -8.458879e-01 6.587707e-01 3.680429e-01 -1.606665e-01 -4.441946e-02 4.249018e-01 1.902217e-01 -1.395926e-01 2.886224e-01 -3.275688e-01
<Variance> 25
 1.495687e+01 2.963074e+01 4.269732e+01 5.794595e+01 4.415108e+01 4.204016e+01 3.569615e+01 4.081879e+01 4.813996e+01 4.634273e+01 4.357109e+01 4.649549e+01 1.115266e+00 1.627445e+00 2.651207e+00 4.371145e+00 2.981668e+00 3.293950e+00 3.329249e+00 3.266231e+00 2.868360e+00 2.679853e+00 2.498005e+00 2.318052e+00 1.565147e+00
<GConst> 1.019497e+02
<TransP> 5
 0.000000e+00 1.000000e+00 0.000000e+00 0.000000e+00 0.000000e+00
 0.000000e+00 3.889524e-01 6.110475e-01 0.000000e+00 0.000000e+00
 0.000000e+00 0.000000e+00 7.417391e-01 2.582609e-01 0.000000e+00
 0.000000e+00 0.000000e+00 0.000000e+00 7.985219e-01 2.014781e-01
 0.000000e+00 0.000000e+00 0.000000e+00 0.000000e+00 0.000000e+00
<EndHMM>
~h "i"
<BeginHMM>
<NumStates> 5
<State> 2
<Mean> 25
 -2.683076e+00 5.500619e+00 1.038265e+01 -8.987101e-01 -3.844884e+00 -3.116565e+00 -3.120051e+00 -4.801646e+00 -4.752779e+00 -2.722483e+00 -2.505097e-01 -1.006904e+00 1.343441e+00 5.028381e-01 2.246005e+00 -8.471227e-01 -1.858150e+00 -7.282786e-01 -1.472339e+00 -1.030592e+00 -1.760500e+00 -6.030467e-01 -1.114266e-01 -6.316324e-01 1.104449e+00
<Variance> 25
 4.193626e+01 3.969278e+01 4.375152e+01 4.172121e+01 5.891498e+01 4.564534e+01 4.050879e+01 4.378165e+01 3.852515e+01 3.671932e+01 3.139768e+01 3.204900e+01 5.796044e+00 3.554959e+00 4.120218e+00 4.979839e+00 5.716416e+00 5.007948e+00 4.837964e+00 4.728327e+00 4.690307e+00 4.014015e+00 3.794837e+00 3.373236e+00 2.721051e+00
<GConst> 1.094372e+02
<State> 3
<Mean> 25
 -2.997921e-01 6.159441e+00 1.308283e+01 -3.528236e+00 -6.677146e+00 -3.946620e+00 -5.856251e+00 -6.218299e+00 -8.539767e+00 -3.247792e+00 -5.954458e-01 -3.281540e+00 1.632862e-01 4.453173e-02 -4.780083e-02 9.830425e-02 -1.002645e-01 -1.164441e-02 7.938315e-02 -4.943530e-02 -1.015027e-01 -4.997571e-03 -4.916104e-02 -6.177286e-03 -1.633661e-01
<Variance> 25
 1.569003e+01 3.050290e+01 3.944880e+01 4.675758e+01 4.301915e+01 4.164672e+01 3.466938e+01 4.277874e+01 4.099805e+01 4.719008e+01 4.249083e+01 4.427050e+01 1.232247e+00 1.817835e+00 1.522776e+00 2.215804e+00 2.489761e+00 2.191313e+00 2.235779e+00 2.213001e+00 2.197967e+00 2.262418e+00 2.046770e+00 1.973040e+00 8.368523e-01
<GConst> 9.767780e+01
<State> 4
<Mean> 25
 1.404391e-01 6.428438e+00 1.000003e+01 6.587394e-01 -4.927967e+00 -3.753878e+00 -2.718153e+00 -5.387126e+00 -5.664752e+00 -3.361843e+00 -9.398829e-01 -1.587963e+00 7.067882e-02 -3.748697e-02 -1.649043e+00 1.179601e+00 1.222211e+00 9.218141e-02 8.006979e-01 5.657874e-01 1.063915e+00 1.261449e-01 -2.242530e-01 3.210964e-01 -1.124876e+00
<Variance> 25
 2.744635e+01 4.035004e+01 4.194558e+01 4.441145e+01 5.327399e+01 4.018351e+01 3.351014e+01 4.530688e+01 3.717454e+01 3.422297e+01 3.479197e+01 3.640053e+01 2.877548e+00 3.176551e+00 2.574921e+00 3.347995e+00 3.760190e+00 3.423789e+00 3.708810e+00 3.508961e+00 3.376856e+00 3.377843e+00 2.958875e+00 2.548645e+00 3.251580e+00
<GConst> 1.048952e+02
<TransP> 5
 0.000000e+00 1.000000e+00 0.000000e+00 0.000000e+00 0.000000e+00
 0.000000e+00 5.292355e-01 4.707645e-01 0.000000e+00 0.000000e+00
 0.000000e+00 0.000000e+00 7.292641e-01 2.707359e-01 0.000000e+00
 0.000000e+00 0.000000e+00 0.000000e+00 6.144928e-01 3.855072e-01
 0.000000e+00 0.000000e+00 0.000000e+00 0.000000e+00 0.000000e+00
<EndHMM>
~h "j"
<BeginHMM>
<NumStates> 5
<State> 2
<Mean> 25
 -1.042373e+00 6.403569e+00 1.141323e+01 -1.342311e+00 -4.631366e+00 -2.929864e+00 -3.181277e+00 -4.205967e+00 -5.234246e+00 -2.160418e+00 -4.239577e-01 -2.039224e+00 3.105023e-01 1.097077e-01 5.645135e-01 -3.918537e-01 -5.221806e-01 -2.673367e-01 -4.387787e-01 -2.421286e-01 -4.977089e-01 -7.993253e-02 1.697481e-01 -1.419146e-02 3.382694e-01
<Variance> 25
 3.370313e+01 3.608857e+01 4.234346e+01 4.368066e+01 4.958271e+01 4.283439e+01 3.742361e+01 4.029544e+01 4.089720e+01 3.694389e+01 3.351558e+01 3.461052e+01 4.664173e+00 2.861097e+00 3.105007e+00 3.198907e+00 5.054881e+00 4.106705e+00 3.754823e+00 3.104534e+00 3.194157e+00 2.787354e+00 2.636175e+00 2.444365e+00 2.287493e+00
<GConst> 1.051822e+02
<State> 3
<Mean> 25
 1.295944e+00 2.989225e+00 9.731969e+00 -2.551202e+00 -7.747751e+00 -4.763978e+00 -4.504251e+00 -3.494512e+00 -5.284828e+00 -2.084920e+00 1.041743e-01 -1.083911e+00 1.563581e+00 -1.354763e+00 -6.619276e-01 -6.453921e-01 -1.411369e+00 -7.836910e-01 -5.549715e-01 5.666975e-01 -1.500606e-01 1.002876e-01 1.391733e-01 1.090473e-01 9.896718e-01
<Variance> 25
 1.873467e+01 2.998328e+01 5.032589e+01 5.182824e+01 4.080625e+01 4.519558e+01 3.558655e+01 4.123241e+01 4.746721e+01 3.817912e+01 3.476666e+01 3.265043e+01 5.892435e+00 3.147036e+00 3.473325e+00 3.753035e+00 4.938215e+00 5.119761e+00 5.295972e+00 4.136669e+00 3.695846e+00 3.404478e+00 3.208686e+00 2.979573e+00 1.751460e+00
<GConst> 1.066474e+02
<State> 4
<Mean> 25
 3.093697e+00 -1.372021e+00 7.682091e+00 -3.765352e+00 -1.081201e+01 -6.293818e+00 -3.990037e+00 -2.683476e-03 -4.717461e+00 -1.727049e+00 2.580191e-01 -7.396266e-01 8.790911e-01 -1.747990e+00 -2.018476e+00 -2.685121e-01 2.066901e-02 -1.081892e-01 1.670435e-01 1.270700e+00 9.701256e-01 6.855565e-02 -4.843990e-01 -2.193675e-02 8.008035e-01
<Variance> 25
 1.415759e+01 3.032514e+01 4.601633e+01 5.669827e+01 3.642574e+01 4.741313e+01 4.322036e+01 4.400994e+01 5.100515e+01 4.316479e+01 3.862503e+01 3.903545e+01 1.734293e+00 2.212558e+00 3.144717e+00 3.004135e+00 4.659853e+00 3.834006e+00 4.560074e+00 3.855099e+00 3.834048e+00 3.601811e+00 3.094299e+00 2.825381e+00 1.130699e+00
<GConst> 1.041526e+02
<TransP> 5
 0.000000e+00 1.000000e+00 0.000000e+00 0.000000e+00 0.000000e+00
 0.000000e+00 7.150434e-01 2.849566e-01 0.000000e+00 0.000000e+00
 0.000000e+00 0.000000e+00 0.000000e+00 1.000000e+00 0.000000e+00
 0.000000e+00 0.000000e+00 0.000000e+00 5.504104e-01 4.495896e-01
 0.000000e+00 0.000000e+00 0.000000e+00 0.000000e+00 0.000000e+00
<EndHMM>
~h "k"
<BeginHMM>
<NumStates> 5
<State> 2
<Mean> 25
 6.414207e-01 3.606113e+00 2.096482e+00 3.112906e+00 -2.828260e-01 -1.918493e+00 3.864735e-01 -1.280202e+00 -1.916599e+00 2.840056e-01 -4.281521e-01 1.713291e-03 -1.349038e+00 -6.359958e-01 -9.341102e-01 1.085934e-01 1.168660e+00 8.399447e-01 4.526803e-01 6.655384e-01 8.127558e-01 4.419906e-01 4.186097e-01 5.170308e-01 -8.095284e-01
<Variance> 25
 3.181268e+01 2.556839e+01 3.854477e+01 3.664791e+01 5.202934e+01 4.717268e+01 4.681983e+01 4.448830e+01 3.891902e+01 3.500669e+01 3.374310e+01 2.589298e+01 3.133100e+00 4.272558e+00 4.297252e+00 3.873301e+00 5.171283e+00 4.451270e+00 4.360696e+00 4.615236e+00 4.568900e+00 3.771161e+00 3.675182e+00 2.717971e+00 7.223802e+00
<GConst> 1.080084e+02
<State> 3
<Mean> 25
 -5.602696e+00 -2.789506e+00 -2.709043e+00 7.387177e-01 3.521237e+00 1.455479e+00 2.755274e+00 2.429845e+00 2.046448e+00 3.274626e+00 1.262340e+00 1.838074e+00 -7.108673e-01 -1.035427e+00 -5.850645e-01 -8.766190e-01 4.024366e-02 -1.125244e-02 -7.834007e-02 1.572741e-01 3.067992e-01 5.316973e-01 9.096926e-02 9.058380e-02 1.894703e+00
<Variance> 25
 3.481444e+01 3.682164e+01 5.336341e+01 4.843006e+01 4.419252e+01 3.919809e+01 4.698907e+01 3.693016e+01 3.958994e+01 3.161557e+01 2.842571e+01 2.278797e+01 3.310491e+00 3.893493e+00 4.846271e+00 4.803731e+00 4.776417e+00 3.879735e+00 4.041259e+00 3.912298e+00 3.756909e+00 3.539590e+00 2.962780e+00 2.252573e+00 6.312511e+00
<GConst> 1.071947e+02
<State> 4
<Mean> 25
 -2.720826e+00 -1.837156e+00 -4.734949e-01 -1.158740e+00 -5.387082e-01 -2.543600e+00 -9.912695e-01 -4.136433e-01 -5.389795e-01 2.038364e+00 -1.023952e-03 3.815157e-01 1.749544e+00 8.038247e-01 1.135988e+00 -2.388121e-01 -1.726751e+00 -1.111366e+00 -9.245293e-01 -9.990028e-01 -9.291908e-01 -9.287218e-01 -3.535058e-01 -6.329109e-01 1.239019e+00
<Variance> 25
 4.949104e+01 3.645871e+01 7.954183e+01 5.317286e+01 7.418204e+01 6.330111e+01 6.084586e+01 4.971760e+01 5.121190e+01 4.756706e+01 3.749571e+01 3.115386e+01 4.544471e+00 3.642207e+00 4.467071e+00 5.123509e+00 5.640667e+00 5.122326e+00 4.797469e+00 5.231440e+00 5.258057e+00 4.005433e+00 4.306275e+00 3.372402e+00 3.408211e+00
<GConst> 1.125979e+02
<TransP> 5
 0.000000e+00 1.000000e+00 0.000000e+00 0.000000e+00 0.000000e+00
 0.000000e+00 6.498032e-01 3.501968e-01 0.000000e+00 0.000000e+00
 0.000000e+00 0.000000e+00 6.600694e-01 3.399306e-01 0.000000e+00
 0.000000e+00 0.000000e+00 0.000000e+00 5.751792e-01 4.248208e-01
 0.000000e+00 0.000000e+00 0.000000e+00 0.000000e+00 0.000000e+00
<EndHMM>
~h "l"
<BeginHMM>
<NumStates> 5
<State> 2
<Mean> 25
 6.765111e+00 -2.383262e+00 3.132301e+00 3.664675e+00 -4.494153e+00 -6.457591e+00 -8.772825e+00 -2.160422e+00 5.228609e-01 -2.651472e+00 -3.654804e+00 -4.667396e-01 2.247435e-01 2.226196e-01 6.164277e-01 6.906622e-01 1.540864e-02 -4.792283e-01 -4.970816e-01 2.849114e-02 1.496152e-02 -5.637816e-01 -3.013479e-01 2.414459e-01 -2.773501e-01
<Variance> 25
 2.491175e+01 3.565066e+01 4.787355e+01 5.855548e+01 5.820030e+01 5.642056e+01 5.988830e+01 5.405180e+01 5.024773e+01 5.105552e+01 4.115757e+01 4.085582e+01 1.435632e+00 2.053206e+00 2.811146e+00 3.031076e+00 4.057596e+00 4.108944e+00 4.474667e+00 4.050014e+00 3.544302e+00 3.518497e+00 3.085880e+00 2.694583e+00 2.078943e+00
<GConst> 1.064388e+02
<State> 3
<Mean> 25
 6.291718e+00 -1.979370e+00 4.647082e+00 4.250550e+00 -4.847116e+00 -5.778142e+00 -8.539274e+00 -2.188239e+00 2.302018e-02 -3.305463e+00 -3.304883e+00 -3.126174e-01 -1.600403e-01 -1.906490e-01 1.386068e-01 -7.246385e-01 -6.680169e-01 2.154088e-01 3.082032e-01 3.343681e-01 -6.184253e-02 5.078739e-01 2.060693e-01 -1.563424e-01 6.031297e-01
<Variance> 25
 2.552299e+01 3.428563e+01 4.630153e+01 6.140799e+01 6.083686e+01 5.744186e+01 6.378857e+01 5.156940e+01 4.984015e+01 5.505087e+01 4.665092e+01 3.956260e+01 1.727792e+00 2.702995e+00 3.607523e+00 3.424269e+00 5.354978e+00 4.358171e+00 5.002732e+00 4.989277e+00 4.381768e+00 4.449930e+00 3.641111e+00 2.963454e+00 2.513903e+00
<GConst> 1.090624e+02
<State> 4
<Mean> 25
 2.700945e+00 -9.187072e-01 3.573298e+00 1.854395e+00 -3.563695e+00 -3.306404e+00 -4.035003e+00 -9.256293e-01 8.436041e-02 -1.006932e+00 -1.512744e+00 -6.591565e-02 -1.930613e-01 -1.789901e-01 -2.981751e-01 -7.588781e-01 -2.489268e-01 2.904730e-01 5.373889e-01 3.252285e-01 -5.440262e-02 4.134604e-01 1.102253e-01 -2.160465e-01 5.640728e-01
<Variance> 25
 4.875890e+01 4.522372e+01 5.790355e+01 6.077764e+01 6.826802e+01 6.376273e+01 7.100959e+01 5.509293e+01 5.218331e+01 4.906034e+01 4.957339e+01 3.913498e+01 2.940767e+00 3.729602e+00 4.145015e+00 4.822757e+00 6.156434e+00 5.299213e+00 5.853327e+00 5.434736e+00 4.942199e+00 4.652858e+00 4.205320e+00 3.361951e+00 3.768792e+00
<GConst> 1.133262e+02
<TransP> 5
 0.000000e+00 1.000000e+00 0.000000e+00 0.000000e+00 0.000000e+00
 0.000000e+00 5.357156e-01 4.642844e-01 0.000000e+00 0.000000e+00
 0.000000e+00 0.000000e+00 2.670543e-01 7.329457e-01 0.000000e+00
 0.000000e+00 0.000000e+00 0.000000e+00 4.818881e-01 5.181119e-01
 0.000000e+00 0.000000e+00 0.000000e+00 0.000000e+00 0.000000e+00
<EndHMM>
~h "laugh"
<BeginHMM>
<NumStates> 5
<State> 2
<Mean> 25
 1.308898e-01 4.407695e+00 6.164397e+00 6.873693e+00 7.475672e+00 4.561427e+00 4.186729e+00 4.201140e+00 1.741775e+00 1.273039e+00 9.617083e-01 1.557271e+00 -1.619423e-02 1.043634e-02 -3.279839e-02 5.478944e-03 1.722939e-02 1.546016e-02 3.575483e-02 6.282187e-02 6.958365e-02 7.696594e-02 6.463683e-02 4.477917e-02 -2.016013e-01
<Variance> 25
 2.126154e+01 2.176566e+01 2.308778e+01 1.991090e+01 3.025919e+01 2.574180e+01 2.606204e+01 2.808623e+01 2.837764e+01 3.427613e+01 2.385568e+01 2.036270e+01 5.060064e-01 6.810029e-01 8.187946e-01 1.032827e+00 1.389741e+00 1.594536e+00 1.682364e+00 1.682619e+00 1.729305e+00 1.762614e+00 1.596402e+00 1.414849e+00 1.123005e+00
<GConst> 8.718272e+01
<State> 3
<Mean> 25
 1.086255e+00 -3.444057e+00 -3.643520e+00 -3.258229e-01 -8.367449e-01 -3.860886e+00 -1.409535e+00 -1.715146e+00 1.360691e+00 -8.020979e-01 -2.063041e+00 -1.300302e+00 2.222299e-04 -5.159181e-02 -3.214992e-02 -2.652035e-02 -1.614371e-02 -2.575523e-04 1.191752e-03 1.708912e-02 4.146176e-02 6.320528e-04 -1.589914e-02 -7.865106e-03 -2.520481e-02
<Variance> 25
 4.315716e+01 4.429416e+01 5.611147e+01 6.371170e+01 9.073957e+01 9.802730e+01 7.625025e+01 8.956502e+01 7.786357e+01 7.703717e+01 6.634733e+01 5.945661e+01 2.931134e+00 3.264597e+00 3.671888e+00 4.657755e+00 7.194716e+00 7.198976e+00 5.487810e+00 6.689366e+00 5.825801e+00 5.753626e+00 5.224271e+00 4.362719e+00 6.939074e+00
<GConst> 1.178098e+02
<State> 4
<Mean> 25
 -3.438959e+00 -4.581628e+00 -2.404894e+00 2.605282e+00 5.370144e+00 2.135802e+00 2.705307e+00 5.378086e+00 6.070327e+00 3.298659e+00 9.674025e-01 2.855415e+00 -8.214511e-02 1.378426e-02 -5.454756e-02 -6.563910e-02 -6.723020e-02 -2.995613e-02 8.164489e-03 -2.072649e-02 -2.503311e-02 7.587002e-02 8.176615e-02 6.651142e-02 -2.831582e-01
<Variance> 25
 2.533042e+01 3.098257e+01 3.000614e+01 3.095626e+01 4.019671e+01 4.613441e+01 3.844774e+01 4.234581e+01 4.203744e+01 4.513235e+01 3.812264e+01 3.876007e+01 7.933050e-01 1.215401e+00 1.219859e+00 1.472366e+00 1.921122e+00 2.026465e+00 2.090768e+00 2.203301e+00 2.328192e+00 2.387842e+00 2.301816e+00 2.050672e+00 1.685724e+00
<GConst> 9.643859e+01
<TransP> 5
 0.000000e+00 1.000000e+00 0.000000e+00 0.000000e+00 0.000000e+00
 0.000000e+00 9.357172e-01 6.428280e-02 0.000000e+00 0.000000e+00
 0.000000e+00 0.000000e+00 9.691849e-01 3.081512e-02 0.000000e+00
 0.000000e+00 0.000000e+00 0.000000e+00 9.494476e-01 5.055247e-02
 0.000000e+00 0.000000e+00 0.000000e+00 0.000000e+00 0.000000e+00
<EndHMM>
~h "m"
<BeginHMM>
<NumStates> 5
<State> 2
<Mean> 25
 9.009367e+00 -6.304352e-01 1.399874e+00 1.732979e+00 -2.554465e+00 -5.033756e+00 -5.306866e+00 -5.632226e+00 -4.660130e+00 -4.016672e-01 -3.359953e+00 -4.709517e+00 6.280629e-01 7.874624e-01 7.879779e-01 1.333459e+00 6.553094e-01 -5.766551e-01 9.028158e-02 -1.780070e+00 -1.645386e+00 5.716099e-01 -1.654896e-02 -1.063373e+00 -7.684653e-01
<Variance> 25
 1.258709e+01 3.273539e+01 2.990979e+01 3.923244e+01 4.036709e+01 5.917039e+01 5.163564e+01 5.111989e+01 5.132191e+01 5.036627e+01 5.103078e+01 3.901134e+01 1.576089e+00 2.363821e+00 2.855549e+00 3.232349e+00 3.699945e+00 4.260901e+00 5.123298e+00 4.450158e+00 4.548087e+00 4.886000e+00 4.531386e+00 3.406865e+00 2.554219e+00
<GConst> 1.063442e+02
<State> 3
<Mean> 25
 8.940949e+00 1.383247e+00 3.314983e+00 3.631526e+00 -1.396805e+00 -4.755007e+00 -3.873190e+00 -7.623924e+00 -7.314496e+00 2.036269e-01 -2.875699e+00 -5.653375e+00 -1.757072e-02 -1.343056e-01 -4.305733e-02 -7.534280e-02 1.058650e-01 9.862074e-02 -5.258422e-02 -7.234918e-02 -1.305948e-01 4.404607e-03 4.464244e-02 -3.545346e-02 1.744556e-01
<Variance> 25
 1.456290e+01 3.041824e+01 2.460943e+01 3.739879e+01 4.503248e+01 5.940723e+01 5.516891e+01 5.156778e+01 4.754684e+01 6.309332e+01 6.197666e+01 4.136655e+01 3.913784e-01 1.046224e+00 1.121277e+00 1.422535e+00 1.641174e+00 1.854388e+00 1.870057e+00 2.111666e+00 2.266560e+00 2.305209e+00 2.101361e+00 1.847268e+00 7.911255e-01
<GConst> 9.540173e+01
<State> 4
<Mean> 25
 9.158455e+00 -1.480499e+00 9.111772e-01 8.560263e-01 -1.888066e+00 -3.570408e+00 -4.762244e+00 -6.188968e+00 -6.018185e+00 -2.466210e-01 -2.612439e+00 -4.941207e+00 -2.805102e-01 -1.088979e+00 -1.345660e+00 -2.276815e+00 -8.790910e-01 1.106967e+00 5.235243e-02 2.180918e+00 1.552684e+00 -8.034390e-01 5.816730e-03 7.827081e-01 1.390569e+00
<Variance> 25
 1.134022e+01 2.879750e+01 3.029612e+01 4.484783e+01 4.327312e+01 6.315552e+01 5.131778e+01 5.495190e+01 5.233301e+01 5.493795e+01 5.642773e+01 4.318019e+01 1.017730e+00 2.292805e+00 3.816585e+00 3.364154e+00 3.764243e+00 3.943779e+00 4.446842e+00 4.240399e+00 4.682066e+00 4.640732e+00 3.935769e+00 3.304996e+00 1.217158e+00
<GConst> 1.054448e+02
<TransP> 5
 0.000000e+00 1.000000e+00 0.000000e+00 0.000000e+00 0.000000e+00
 0.000000e+00 5.225990e-01 4.774010e-01 0.000000e+00 0.000000e+00
 0.000000e+00 0.000000e+00 6.472448e-01 3.527553e-01 0.000000e+00
 0.000000e+00 0.000000e+00 0.000000e+00 5.231474e-01 4.768525e-01
 0.000000e+00 0.000000e+00 0.000000e+00 0.000000e+00 0.000000e+00
<EndHMM>
~h "n"
<BeginHMM>
<NumStates> 5
<State> 2
<Mean> 25
 7.934940e+00 2.203986e+00 3.543498e+00 -2.102713e-01 -5.045522e+00 -5.139924e+00 -3.407767e+00 -5.282501e+00 -4.737074e+00 -1.581403e+00 -4.779710e+00 -1.326071e+00 8.679342e-01 1.083418e+00 2.555690e-01 1.220956e+00 2.899551e-01 7.586293e-02 7.618842e-01 -2.046079e+00 -5.160312e-01 1.397881e-02 -3.719029e-01 -2.150914e-04 -1.399388e+00
<Variance> 25
 1.198913e+01 2.749529e+01 2.866764e+01 3.724976e+01 4.223924e+01 4.753370e+01 5.311082e+01 6.746252e+01 4.920149e+01 4.735074e+01 4.913877e+01 3.623740e+01 1.040507e+00 1.941005e+00 3.530312e+00 2.353435e+00 4.051784e+00 3.749011e+00 5.029115e+00 4.867450e+00 4.191461e+00 3.747890e+00 3.336648e+00 2.599349e+00 1.154260e+00
<GConst> 1.035419e+02
<State> 3
<Mean> 25
 7.919383e+00 5.176180e+00 3.682144e+00 3.239209e+00 -3.336113e+00 -3.232186e+00 -1.149893e+00 -7.831544e+00 -4.822605e+00 -1.601641e+00 -3.310604e+00 -8.393725e-01 -2.157123e-01 1.580323e-01 1.768799e-02 1.754509e-01 1.574762e-01 -1.210133e-03 5.668307e-02 5.550066e-02 2.026691e-03 -1.032306e-01 9.320335e-02 6.065772e-03 -1.519856e-01
<Variance> 25
 1.578589e+01 2.551943e+01 2.476766e+01 3.286389e+01 4.162821e+01 4.188565e+01 4.953807e+01 6.275249e+01 4.031678e+01 4.982712e+01 4.817120e+01 3.736090e+01 5.022568e-01 9.876069e-01 1.078652e+00 1.295344e+00 1.708725e+00 1.789194e+00 1.855045e+00 2.425846e+00 1.967087e+00 2.010787e+00 1.844952e+00 1.620256e+00 6.075309e-01
<GConst> 9.348051e+01
<State> 4
<Mean> 25
 6.689828e+00 3.470883e+00 3.619869e+00 7.333661e-01 -3.585670e+00 -4.990831e+00 -3.039192e+00 -5.718933e+00 -4.666800e+00 -2.007441e+00 -3.932685e+00 -1.680399e+00 -9.532750e-01 -6.088234e-01 -3.062699e-01 -9.949158e-01 2.117683e-01 2.100049e-01 -6.324401e-01 1.749044e+00 4.490963e-01 -9.439579e-02 5.792393e-01 -1.488235e-01 9.846027e-01
<Variance> 25
 1.552346e+01 2.944511e+01 2.588308e+01 3.851927e+01 4.419229e+01 4.789228e+01 5.343228e+01 6.710162e+01 4.947347e+01 5.086074e+01 4.871546e+01 3.809945e+01 1.534221e+00 2.660364e+00 3.561414e+00 3.517203e+00 4.508858e+00 4.221480e+00 5.156877e+00 5.987607e+00 4.313475e+00 4.234964e+00 3.905609e+00 3.151608e+00 1.816051e+00
<GConst> 1.064981e+02
<TransP> 5
 0.000000e+00 1.000000e+00 0.000000e+00 0.000000e+00 0.000000e+00
 0.000000e+00 5.577979e-01 4.422022e-01 0.000000e+00 0.000000e+00
 0.000000e+00 0.000000e+00 6.898331e-01 3.101669e-01 0.000000e+00
 0.000000e+00 0.000000e+00 0.000000e+00 5.639490e-01 4.360510e-01
 0.000000e+00 0.000000e+00 0.000000e+00 0.000000e+00 0.000000e+00
<EndHMM>
~h "oe"
<BeginHMM>
<NumStates> 5
<State> 2
<Mean> 25
 4.745644e+00 -4.693840e+00 -6.773331e-01 -2.941957e+00 -6.719703e+00 -7.617255e+00 -5.489885e+00 1.572781e+00 2.463831e+00 -4.703452e-01 -4.695727e+00 -8.854717e-01 1.223749e+00 -1.968643e+00 -1.265913e+00 -1.433079e+00 -6.877257e-01 1.923643e-01 -6.473641e-01 1.069399e+00 9.504493e-01 4.235163e-01 -1.100623e+00 -7.170066e-01 1.586966e+00
<Variance> 25
 2.559839e+01 2.597273e+01 3.135329e+01 3.104736e+01 3.790453e+01 4.780909e+01 4.490902e+01 3.857351e+01 4.188019e+01 4.098147e+01 3.891954e+01 3.246703e+01 4.428068e+00 2.388475e+00 3.022058e+00 3.194705e+00 5.062688e+00 5.884866e+00 5.512806e+00 4.262642e+00 4.135424e+00 4.210170e+00 4.698381e+00 3.143495e+00 1.301692e+00
<GConst> 1.058671e+02
<State> 3
<Mean> 25
 6.530437e+00 -7.386926e+00 -3.116708e+00 -4.711191e+00 -5.087523e+00 -5.171582e+00 -4.424084e+00 4.269310e+00 5.014498e+00 -8.519405e-02 -6.209077e+00 -3.141393e+00 1.380324e-01 -2.657972e-01 -7.245451e-01 -3.221069e-01 6.840793e-01 7.878557e-01 5.468759e-02 -3.356177e-01 2.004287e-01 6.858899e-02 -3.908698e-01 -5.101600e-01 -1.057595e-01
<Variance> 25
 1.257218e+01 1.977040e+01 2.457653e+01 2.921086e+01 2.773791e+01 4.322409e+01 4.795201e+01 3.604214e+01 4.283049e+01 4.483570e+01 4.562001e+01 3.533867e+01 2.963637e-01 7.383811e-01 1.326011e+00 1.318403e+00 2.168479e+00 2.402509e+00 2.095227e+00 2.137154e+00 1.621370e+00 1.653589e+00 1.598365e+00 1.456722e+00 3.179163e-01
<GConst> 9.040281e+01
<State> 4
<Mean> 25
 7.665793e+00 -6.500490e+00 -7.230325e+00 -7.568760e+00 -7.104717e-01 1.889370e+00 -5.742214e+00 -2.371255e+00 3.894154e+00 -7.432717e-02 -6.272421e+00 -4.812237e+00 8.290894e-02 1.247771e+00 -4.543968e-02 -8.724108e-02 1.118751e+00 1.440186e+00 2.223089e-01 -1.358809e+00 -6.786625e-01 -4.469973e-01 7.793645e-01 3.416075e-01 -1.323304e+00
<Variance> 25
 1.098676e+01 2.359122e+01 3.002563e+01 3.842585e+01 3.181285e+01 6.566075e+01 4.456430e+01 4.302311e+01 3.851192e+01 5.084795e+01 4.390228e+01 3.169623e+01 8.245462e-01 1.303758e+00 1.820255e+00 2.810984e+00 2.587364e+00 4.053659e+00 3.905643e+00 3.126011e+00 2.829531e+00 2.761855e+00 2.620179e+00 2.421548e+00 8.059466e-01
<GConst> 9.882147e+01
<TransP> 5
 0.000000e+00 1.000000e+00 0.000000e+00 0.000000e+00 0.000000e+00
 0.000000e+00 5.323657e-01 4.676344e-01 0.000000e+00 0.000000e+00
 0.000000e+00 0.000000e+00 7.628790e-01 2.371210e-01 0.000000e+00
 0.000000e+00 0.000000e+00 0.000000e+00 6.769681e-01 3.230319e-01
 0.000000e+00 0.000000e+00 0.000000e+00 0.000000e+00 0.000000e+00
<EndHMM>
~h "ooo"
<BeginHMM>
<NumStates> 5
<State> 2
<Mean> 25
 7.560771e+00 -3.112518e-01 -5.357512e+00 -6.394558e+00 -1.675041e+00 -1.020907e-01 -7.161310e+00 -5.035956e+00 -2.040069e-01 2.865978e+00 -1.370528e+00 -2.557570e+00 1.885156e+00 -2.788746e-01 -1.137052e+00 -2.661947e+00 -9.088549e-01 1.268437e+00 -7.559251e-01 -1.196700e+00 -6.487454e-01 6.641527e-01 2.812083e-01 -3.973277e-01 1.178502e+00
<Variance> 25
 1.951938e+01 3.299044e+01 3.305974e+01 5.987593e+01 3.737780e+01 6.470057e+01 6.402258e+01 4.663237e+01 4.936363e+01 4.836536e+01 5.692652e+01 3.300573e+01 3.520547e+00 3.304111e+00 3.647421e+00 4.891149e+00 5.882969e+00 5.928098e+00 6.034725e+00 5.305075e+00 5.279508e+00 5.097781e+00 5.286277e+00 3.711459e+00 2.636417e+00
<GConst> 1.107058e+02
<State> 3
<Mean> 25
 9.794982e+00 3.779592e-01 -7.321363e+00 -1.245660e+01 -2.924270e+00 4.740273e+00 -3.865390e+00 -5.143377e+00 -2.438226e+00 1.289006e+00 -4.030820e-01 -1.791997e+00 4.698130e-02 1.343521e-01 4.237424e-02 -7.751286e-02 9.527286e-02 2.113431e-01 1.052087e-01 -7.315297e-02 -1.661735e-01 -2.210573e-01 8.034099e-03 1.054256e-01 -2.687359e-01
<Variance> 25
 1.374198e+01 4.334961e+01 3.416697e+01 5.461823e+01 4.543572e+01 5.638984e+01 6.298325e+01 4.908154e+01 6.039447e+01 5.935632e+01 5.976987e+01 4.029229e+01 4.838436e-01 1.273864e+00 1.102336e+00 2.477654e+00 1.912695e+00 2.444963e+00 2.789643e+00 2.368626e+00 2.437520e+00 3.019997e+00 2.382606e+00 2.056903e+00 8.484284e-01
<GConst> 9.909721e+01
<State> 4
<Mean> 25
 8.112023e+00 1.178569e+00 -4.312349e+00 -6.349946e+00 -7.838972e-01 1.180954e+00 -7.005426e+00 -5.836282e+00 -1.294214e+00 2.181279e+00 -9.962016e-01 -2.154649e+00 -8.704608e-01 5.463784e-01 1.281181e+00 2.169079e+00 6.570097e-01 -1.051365e+00 4.608712e-01 6.956916e-01 2.720107e-01 -5.696051e-01 -4.535879e-01 4.227423e-02 -1.303482e+00
<Variance> 25
 1.493591e+01 3.646544e+01 3.602980e+01 5.818354e+01 3.931833e+01 6.963630e+01 7.331224e+01 5.146514e+01 5.367271e+01 5.069958e+01 5.968357e+01 4.148018e+01 1.966321e+00 3.020892e+00 2.438407e+00 3.963291e+00 4.415485e+00 4.315269e+00 5.128424e+00 4.701117e+00 4.498642e+00 4.626619e+00 4.036742e+00 3.427948e+00 2.741737e+00
<GConst> 1.086203e+02
<TransP> 5
 0.000000e+00 1.000000e+00 0.000000e+00 0.000000e+00 0.000000e+00
 0.000000e+00 5.592128e-01 4.407872e-01 0.000000e+00 0.000000e+00
 0.000000e+00 0.000000e+00 7.530122e-01 2.469878e-01 0.000000e+00
 0.000000e+00 0.000000e+00 0.000000e+00 6.211348e-01 3.788652e-01
 0.000000e+00 0.000000e+00 0.000000e+00 0.000000e+00 0.000000e+00
<EndHMM>
~h "ooo~"
<BeginHMM>
<NumStates> 5
<State> 2
<Mean> 25
 8.248471e+00 -6.731392e-01 -6.464539e+00 -9.259375e+00 -2.083605e+00 2.884906e+00 -3.626183e+00 -3.340803e+00 -2.809109e+00 4.054517e-02 -3.029133e-01 -2.656555e+00 1.473149e+00 -7.497847e-02 -8.210427e-01 -2.469937e+00 -8.119638e-01 1.254840e+00 6.451893e-01 1.527839e-01 -9.829236e-01 -5.921206e-01 6.085884e-02 -2.040660e-01 6.880559e-01
<Variance> 25
 1.592924e+01 3.142334e+01 2.687040e+01 5.151531e+01 3.806186e+01 5.022765e+01 6.081349e+01 5.361920e+01 5.085046e+01 4.610158e+01 4.897067e+01 3.699409e+01 2.855845e+00 2.591035e+00 3.548844e+00 4.459399e+00 5.294290e+00 6.098037e+00 6.129949e+00 5.461422e+00 5.108423e+00 5.162706e+00 4.606530e+00 3.976423e+00 2.771812e+00
<GConst> 1.092510e+02
<State> 3
<Mean> 25
 9.741177e+00 2.001335e-01 -5.432379e+00 -1.157034e+01 -4.510843e+00 3.183003e+00 -1.241891e-01 -8.405127e-01 -4.502788e+00 -2.461724e+00 -1.819907e+00 -3.473875e+00 8.723531e-03 1.145242e-01 3.306557e-01 3.279712e-01 1.754218e-01 -1.863416e-01 1.786862e-02 -1.358774e-01 -2.352302e-01 -1.267633e-02 -1.992934e-01 -6.987804e-02 -2.581449e-01
<Variance> 25
 1.066306e+01 3.121571e+01 3.456003e+01 4.593215e+01 4.781415e+01 4.940139e+01 5.352229e+01 5.039973e+01 5.671056e+01 4.766107e+01 4.459879e+01 4.128518e+01 3.330831e-01 1.020219e+00 1.214179e+00 1.751560e+00 1.982042e+00 2.254713e+00 2.501681e+00 2.986031e+00 2.625404e+00 2.499195e+00 2.344267e+00 2.021706e+00 5.408474e-01
<GConst> 9.621796e+01
<State> 4
<Mean> 25
 9.186414e+00 1.653493e+00 -2.575022e+00 -5.789173e+00 -1.065190e+00 1.376133e+00 -2.402918e+00 -5.372243e+00 -6.388556e+00 -1.040135e+00 -3.179843e+00 -3.349187e+00 -7.813630e-01 9.217424e-01 1.271507e+00 2.374605e+00 6.439511e-01 -6.381539e-01 -4.228557e-02 -8.271759e-01 4.740163e-01 2.200791e-01 -4.188771e-01 7.866108e-02 -1.245990e+00
<Variance> 25
 1.050334e+01 3.192495e+01 3.317637e+01 4.980754e+01 3.971461e+01 5.001971e+01 6.514760e+01 6.062639e+01 4.969987e+01 4.849583e+01 5.299856e+01 3.807421e+01 1.764674e+00 2.008228e+00 2.392912e+00 3.319196e+00 4.180290e+00 4.100414e+00 4.673866e+00 5.751394e+00 4.459918e+00 4.067840e+00 3.576274e+00 2.863200e+00 1.418357e+00
<GConst> 1.054892e+02
<TransP> 5
 0.000000e+00 1.000000e+00 0.000000e+00 0.000000e+00 0.000000e+00
 0.000000e+00 6.313840e-01 3.686160e-01 0.000000e+00 0.000000e+00
 0.000000e+00 0.000000e+00 7.780763e-01 2.219237e-01 0.000000e+00
 0.000000e+00 0.000000e+00 0.000000e+00 6.784393e-01 3.215606e-01
 0.000000e+00 0.000000e+00 0.000000e+00 0.000000e+00 0.000000e+00
<EndHMM>
~h "p"
<BeginHMM>
<NumStates> 5
<State> 2
<Mean> 25
 3.237441e+00 4.409517e+00 1.937751e+00 3.533433e+00 8.941542e-01 -6.560085e-01 -5.729101e-01 -1.434970e+00 -7.260072e-01 -4.225442e-01 -1.169261e+00 -1.091848e+00 -1.853440e+00 -2.971803e-01 -3.427263e-01 6.100801e-01 1.077086e+00 6.559796e-01 8.832089e-01 8.855278e-01 9.834831e-01 5.746191e-01 8.171342e-01 7.379180e-01 -1.028249e+00
<Variance> 25
 3.238958e+01 2.754720e+01 2.994456e+01 3.155114e+01 4.254388e+01 4.018963e+01 3.711782e+01 3.539648e+01 3.704401e+01 3.301099e+01 3.018145e+01 2.525092e+01 2.717682e+00 4.518891e+00 3.236480e+00 3.630208e+00 4.285981e+00 3.761003e+00 3.600551e+00 3.724064e+00 4.135459e+00 3.608355e+00 3.364603e+00 2.694766e+00 7.951272e+00
<GConst> 1.052901e+02
<State> 3
<Mean> 25
 -4.519252e+00 -1.453908e+00 -2.004323e+00 2.863979e+00 4.018657e+00 1.955158e+00 3.907581e+00 3.337167e+00 2.852929e+00 1.802085e+00 1.929052e+00 2.086748e+00 -1.869179e-01 -2.499186e-01 -1.644034e-01 -3.153354e-02 4.990980e-02 6.983552e-02 5.539097e-02 6.323960e-02 1.100119e-01 7.768121e-02 7.474373e-02 6.543041e-02 1.451095e-01
<Variance> 25
 1.734051e+01 3.231152e+01 1.913665e+01 1.947300e+01 2.438244e+01 2.908789e+01 2.887166e+01 2.628880e+01 2.632297e+01 2.208969e+01 2.311565e+01 1.726840e+01 7.639628e-01 1.277191e+00 1.127309e+00 1.178161e+00 1.477616e+00 1.710332e+00 1.698757e+00 1.819025e+00 1.915150e+00 1.794366e+00 1.657817e+00 1.423926e+00 1.461898e+00
<GConst> 8.853479e+01
<State> 4
<Mean> 25
 -1.577396e+00 -1.197113e+00 -1.461511e+00 2.768572e+00 2.469476e+00 7.777675e-01 1.450292e+00 1.312968e+00 2.882990e+00 1.730987e+00 1.111367e+00 1.045383e+00 1.315777e+00 -1.138191e+00 -5.727170e-01 -9.435106e-01 -6.004623e-01 -2.165457e-01 -8.527864e-01 -3.045556e-01 6.121621e-04 -9.247972e-02 -4.801010e-01 -6.286933e-01 3.325010e+00
<Variance> 25
 3.016978e+01 2.649282e+01 2.891598e+01 3.292790e+01 3.695893e+01 3.867018e+01 3.809919e+01 3.303570e+01 3.292064e+01 2.846433e+01 2.790139e+01 2.201149e+01 5.377968e+00 4.596700e+00 4.293542e+00 5.684647e+00 5.623887e+00 6.075915e+00 4.712036e+00 4.553699e+00 4.814834e+00 4.024260e+00 4.257198e+00 3.146112e+00 6.804755e+00
<GConst> 1.076314e+02
<TransP> 5
 0.000000e+00 1.000000e+00 0.000000e+00 0.000000e+00 0.000000e+00
 0.000000e+00 6.422251e-01 3.577749e-01 0.000000e+00 0.000000e+00
 0.000000e+00 0.000000e+00 8.403370e-01 1.596631e-01 0.000000e+00
 0.000000e+00 0.000000e+00 0.000000e+00 6.111806e-01 3.888194e-01
 0.000000e+00 0.000000e+00 0.000000e+00 0.000000e+00 0.000000e+00
<EndHMM>
~h "rr"
<BeginHMM>
<NumStates> 5
<State> 2
<Mean> 25
 4.665359e+00 -2.335797e+00 -5.604874e+00 -5.960085e+00 2.627115e+00 3.737523e+00 -3.520497e+00 -1.889566e+00 2.171278e+00 -6.235158e-01 -2.113412e+00 -2.238339e+00 -4.785674e-01 5.936608e-01 -2.153043e-01 1.616500e-01 1.200606e+00 8.402411e-01 1.512930e-01 5.178223e-02 3.440863e-01 1.251134e-01 4.546747e-01 4.560105e-02 -7.516841e-01
<Variance> 25
 3.156300e+01 4.072670e+01 3.339345e+01 5.748568e+01 6.355243e+01 6.927602e+01 6.769115e+01 5.796308e+01 5.042108e+01 5.781197e+01 5.407062e+01 4.344463e+01 2.872050e+00 3.095417e+00 3.106412e+00 4.910840e+00 5.058127e+00 5.504660e+00 5.098523e+00 5.082784e+00 4.227365e+00 4.496982e+00 4.087431e+00 3.555562e+00 2.483999e+00
<GConst> 1.110923e+02
<State> 3
<Mean> 25
 -8.392014e-01 -1.622026e+00 -5.305275e+00 -1.568905e+00 7.207218e+00 4.657000e+00 3.787067e-03 1.281034e+00 4.019063e+00 7.067394e-01 3.341890e-01 -7.605339e-01 -1.849954e-01 1.599867e-01 1.890019e-01 3.204315e-01 -1.404768e-01 -2.366176e-01 1.274948e-01 1.850999e-01 -3.067798e-02 -2.410694e-02 6.501469e-02 4.260164e-02 -4.635185e-01
<Variance> 25
 4.351929e+01 3.557417e+01 2.920622e+01 4.936779e+01 6.267715e+01 5.532958e+01 5.534534e+01 5.111302e+01 4.113853e+01 3.867674e+01 3.653998e+01 3.041840e+01 1.539415e+00 1.672658e+00 1.607623e+00 2.149361e+00 2.446973e+00 2.779902e+00 2.728534e+00 2.726929e+00 2.607955e+00 2.504088e+00 2.298675e+00 2.075884e+00 1.194299e+00
<GConst> 1.007767e+02
<State> 4
<Mean> 25
 2.662914e+00 -7.203698e-01 -3.738511e+00 -2.894458e+00 2.829616e+00 2.344229e+00 -2.301332e+00 -5.033862e-01 1.883268e+00 -4.635018e-01 -1.084731e+00 -1.473267e+00 6.417341e-01 1.156328e-01 8.785056e-01 1.713328e-01 -1.514928e+00 -1.221674e+00 -1.102989e-01 -3.471924e-01 -7.428067e-01 -4.087342e-01 -3.562369e-01 -3.529898e-02 2.660168e-01
<Variance> 25
 4.797839e+01 3.854835e+01 4.137944e+01 6.418162e+01 6.577699e+01 6.925769e+01 7.373444e+01 5.851849e+01 5.037757e+01 4.857535e+01 4.703574e+01 3.706719e+01 4.780405e+00 3.800487e+00 4.205888e+00 6.478016e+00 6.499278e+00 5.308757e+00 5.775278e+00 5.805493e+00 4.760509e+00 4.648750e+00 4.205157e+00 3.436983e+00 4.170094e+00
<GConst> 1.138681e+02
<TransP> 5
 0.000000e+00 1.000000e+00 0.000000e+00 0.000000e+00 0.000000e+00
 0.000000e+00 5.669730e-01 4.330271e-01 0.000000e+00 0.000000e+00
 0.000000e+00 0.000000e+00 6.790167e-01 3.209833e-01 0.000000e+00
 0.000000e+00 0.000000e+00 0.000000e+00 4.878035e-01 5.121965e-01
 0.000000e+00 0.000000e+00 0.000000e+00 0.000000e+00 0.000000e+00
<EndHMM>
~h "s"
<BeginHMM>
<NumStates> 5
<State> 2
<Mean> 25
 -7.582505e+00 7.255470e+00 6.232910e-02 1.811532e+00 2.340456e+00 -3.657950e+00 1.535098e+00 -7.246049e-01 -1.346991e-01 -1.816987e+00 -1.241537e+00 -6.773475e-02 -3.814759e+00 8.744386e-01 -1.099519e+00 6.363965e-01 1.216853e+00 6.639539e-01 1.473331e+00 7.255192e-01 7.351696e-01 5.545403e-01 9.146216e-01 3.159758e-01 -6.846511e-02
<Variance> 25
 5.198631e+01 2.715607e+01 4.322931e+01 3.201547e+01 5.380568e+01 5.290216e+01 5.356717e+01 4.758194e+01 3.925667e+01 3.704301e+01 3.343708e+01 3.028390e+01 2.668324e+00 4.247543e+00 3.409588e+00 3.734955e+00 4.467413e+00 5.034371e+00 4.620468e+00 4.367309e+00 3.739173e+00 3.731016e+00 3.445334e+00 2.817652e+00 1.144868e+00
<GConst> 1.065656e+02
<State> 3
<Mean> 25
 -1.616861e+01 4.744431e+00 -4.641864e+00 2.184175e+00 3.123618e+00 -5.883194e-01 4.040971e+00 1.238957e+00 2.178325e+00 6.589795e-01 1.614361e+00 1.202258e+00 -2.695575e-01 -5.013068e-01 -5.150964e-02 -1.886041e-01 -9.831013e-02 1.593794e-01 5.837176e-02 1.536817e-01 1.664379e-01 8.543620e-02 9.896094e-02 1.065698e-01 -1.212207e-01
<Variance> 25
 2.213799e+01 2.297199e+01 2.608254e+01 3.459208e+01 3.302850e+01 4.078497e+01 3.584955e+01 3.578146e+01 3.024302e+01 2.612695e+01 2.664162e+01 2.050568e+01 1.363049e+00 1.056597e+00 1.621692e+00 1.455962e+00 1.786280e+00 1.950803e+00 1.941003e+00 2.086387e+00 2.037816e+00 1.867634e+00 1.721686e+00 1.569812e+00 5.086964e-01
<GConst> 9.184707e+01
<State> 4
<Mean> 25
 -1.092712e+01 2.135583e+00 -1.352841e+00 4.807848e-01 1.848127e+00 -2.207735e+00 2.247615e+00 1.503443e+00 2.273546e+00 -6.887206e-02 3.861752e-01 1.223292e+00 3.681729e+00 -5.250970e-01 1.170959e+00 -3.562708e-01 -1.242020e+00 -9.620017e-01 -1.698776e+00 -9.627876e-01 -6.856673e-01 -4.649858e-01 -8.337642e-01 -3.428207e-01 9.415130e-02
<Variance> 25
 5.244950e+01 3.061152e+01 3.814700e+01 3.414785e+01 4.696968e+01 5.134797e+01 5.392657e+01 4.352036e+01 3.658133e+01 3.142109e+01 3.458007e+01 2.552719e+01 4.906903e+00 3.232988e+00 4.032158e+00 4.233801e+00 4.432027e+00 5.729507e+00 4.819807e+00 4.393052e+00 4.394417e+00 3.724365e+00 3.732608e+00 2.901095e+00 2.917976e+00
<GConst> 1.080163e+02
<TransP> 5
 0.000000e+00 1.000000e+00 0.000000e+00 0.000000e+00 0.000000e+00
 0.000000e+00 6.787522e-01 3.212478e-01 0.000000e+00 0.000000e+00
 0.000000e+00 0.000000e+00 8.282463e-01 1.717537e-01 0.000000e+00
 0.000000e+00 0.000000e+00 0.000000e+00 6.478881e-01 3.521120e-01
 0.000000e+00 0.000000e+00 0.000000e+00 0.000000e+00 0.000000e+00
<EndHMM>
~h "sil"
<BeginHMM>
<NumStates> 5
<State> 2
<Mean> 25
 -2.447591e-01 -6.788231e-03 -9.967674e-02 2.612336e-01 3.736463e-01 2.513186e-01 2.884316e-01 1.749625e-01 1.371696e-02 4.150821e-03 -2.256724e-02 1.128280e-01 -4.634090e-02 -2.831444e-02 -2.061745e-02 1.565245e-02 3.004275e-02 1.502382e-02 2.251863e-02 2.623513e-02 1.289687e-02 1.318073e-02 2.455129e-02 1.856699e-02 -5.896539e-02
<Variance> 25
 5.054133e+01 3.504717e+01 3.510717e+01 3.985058e+01 6.106445e+01 5.524807e+01 5.132063e+01 4.676663e+01 4.911005e+01 4.059874e+01 4.155165e+01 2.865314e+01 2.406012e+00 1.924559e+00 1.959271e+00 2.363614e+00 3.495431e+00 3.246253e+00 3.131993e+00 3.115943e+00 3.018951e+00 2.659551e+00 2.523754e+00 2.035273e+00 2.940745e+00
<GConst> 1.038277e+02
<State> 3
<Mean> 25
 -4.134934e+00 -2.890663e-01 -1.119738e+00 3.828288e+00 4.694451e+00 4.654850e+00 5.435207e+00 3.901001e+00 2.545027e+00 2.373639e+00 4.411750e+00 3.518780e+00 -2.347896e-02 -6.194304e-03 -1.598922e-04 3.131017e-03 4.707491e-03 2.235722e-02 2.723553e-02 1.816041e-02 1.584534e-02 2.194105e-02 2.123138e-02 1.655440e-02 -1.945155e-02
<Variance> 25
 8.648657e+00 1.741181e+01 1.099528e+01 1.361507e+01 1.622362e+01 2.719810e+01 2.229939e+01 2.154431e+01 2.313279e+01 1.849930e+01 2.174129e+01 1.570563e+01 2.245771e-01 4.060142e-01 5.074199e-01 7.341571e-01 9.583657e-01 1.129477e+00 1.269416e+00 1.372146e+00 1.425389e+00 1.400197e+00 1.292033e+00 1.177885e+00 1.837258e-01
<GConst> 7.679513e+01
<State> 4
<Mean> 25
 -2.906502e-01 -1.354558e-01 6.785375e-02 2.765053e-01 2.378451e-01 2.186891e-01 3.898682e-01 3.880119e-01 2.620094e-01 1.053791e-01 3.315679e-01 3.045368e-01 4.086111e-02 3.183410e-02 3.457364e-02 -8.480668e-03 -4.914937e-02 -4.534898e-02 -4.722123e-02 -4.045012e-02 -1.922261e-02 -1.860664e-02 -3.387380e-02 -2.965421e-02 9.228703e-02
<Variance> 25
 5.162824e+01 3.363357e+01 4.137703e+01 5.912124e+01 6.549754e+01 6.222047e+01 6.716925e+01 4.944143e+01 5.153319e+01 4.662104e+01 4.353762e+01 3.806194e+01 2.714069e+00 2.329169e+00 2.370991e+00 3.437791e+00 4.037741e+00 3.807119e+00 4.059238e+00 3.391450e+00 3.422220e+00 3.006130e+00 2.825441e+00 2.427105e+00 4.081575e+00
<GConst> 1.077864e+02
<TransP> 5
 0.000000e+00 1.000000e+00 0.000000e+00 0.000000e+00 0.000000e+00
 0.000000e+00 9.871292e-01 1.287076e-02 0.000000e+00 0.000000e+00
 0.000000e+00 0.000000e+00 9.826306e-01 1.736944e-02 0.000000e+00
 0.000000e+00 0.000000e+00 0.000000e+00 9.792033e-01 2.079669e-02
 0.000000e+00 0.000000e+00 0.000000e+00 0.000000e+00 0.000000e+00
<EndHMM>
~h "sp"
<BeginHMM>
<NumStates> 3
<State> 2
<Mean> 25
 -4.134934e+00 -2.890663e-01 -1.119738e+00 3.828288e+00 4.694451e+00 4.654850e+00 5.435207e+00 3.901001e+00 2.545027e+00 2.373639e+00 4.411750e+00 3.518780e+00 -2.347896e-02 -6.194304e-03 -1.598922e-04 3.131017e-03 4.707491e-03 2.235722e-02 2.723553e-02 1.816041e-02 1.584534e-02 2.194105e-02 2.123138e-02 1.655440e-02 -1.945155e-02
<Variance> 25
 8.648657e+00 1.741181e+01 1.099528e+01 1.361507e+01 1.622362e+01 2.719810e+01 2.229939e+01 2.154431e+01 2.313279e+01 1.849930e+01 2.174129e+01 1.570563e+01 2.245771e-01 4.060142e-01 5.074199e-01 7.341571e-01 9.583657e-01 1.129477e+00 1.269416e+00 1.372146e+00 1.425389e+00 1.400197e+00 1.292033e+00 1.177885e+00 1.837258e-01
<GConst> 7.679513e+01
<TransP> 3
 0.000000e+00 1.000000e+00 0.000000e+00
 0.000000e+00 9.000000e-01 9.999999e-02
 0.000000e+00 0.000000e+00 0.000000e+00
<EndHMM>
~h "ss"
<BeginHMM>
<NumStates> 5
<State> 2
<Mean> 25
 -7.201108e+00 1.959358e+00 8.927730e+00 1.877531e-01 -2.445567e+00 -1.025625e+00 -8.039055e-01 -2.342298e+00 1.450640e+00 -3.160804e+00 5.302224e-02 -6.877584e-01 -3.997401e+00 3.891699e-01 9.669244e-01 -7.523523e-02 9.299133e-01 7.898813e-01 1.061742e+00 5.797977e-01 1.053355e+00 -2.291754e-02 6.308704e-01 6.444442e-02 7.623166e-01
<Variance> 25
 6.441342e+01 3.077492e+01 3.993628e+01 4.536584e+01 5.506115e+01 5.579598e+01 5.602651e+01 4.971239e+01 4.913847e+01 4.269522e+01 3.693726e+01 2.997148e+01 3.044639e+00 3.507696e+00 3.652643e+00 3.321690e+00 4.529925e+00 4.501835e+00 4.254132e+00 4.213289e+00 3.846247e+00 3.523598e+00 3.282648e+00 2.619750e+00 1.661788e+00
<GConst> 1.076932e+02
<State> 3
<Mean> 25
 -1.809091e+01 -4.480736e-01 7.696497e+00 -1.236024e+00 -3.144024e-02 1.577949e+00 2.500065e+00 -2.128220e-01 4.850609e+00 -1.374492e+00 1.993551e+00 6.696253e-01 -1.265891e-01 -3.060813e-01 -1.878971e-01 -2.697238e-02 5.734103e-02 1.137174e-02 1.063623e-01 2.050359e-01 1.201091e-01 3.541173e-02 3.882444e-02 6.341784e-02 -1.871713e-01
<Variance> 25
 2.486260e+01 3.608282e+01 2.944829e+01 3.266024e+01 4.383385e+01 4.167039e+01 4.031696e+01 4.041842e+01 3.862202e+01 3.391222e+01 3.458345e+01 2.298439e+01 1.990196e+00 8.911021e-01 1.063333e+00 1.318590e+00 1.539610e+00 1.682807e+00 1.750466e+00 1.948396e+00 1.955713e+00 1.874676e+00 1.762877e+00 1.500312e+00 5.591244e-01
<GConst> 9.315715e+01
<State> 4
<Mean> 25
 -1.032289e+01 -1.579148e-01 7.492290e+00 -3.914766e-01 -1.337794e+00 -9.208839e-01 1.081661e-02 -1.024984e-02 3.227585e+00 -2.867543e+00 5.940483e-01 -3.380097e-01 4.510744e+00 -2.282723e-01 -8.817386e-01 -2.130868e-01 -1.343651e+00 -1.418604e+00 -1.692203e+00 -7.132875e-01 -1.016209e+00 -2.352759e-01 -9.590440e-01 -4.437532e-01 2.316647e-02
<Variance> 25
 5.903477e+01 3.643463e+01 3.628975e+01 4.020833e+01 4.234155e+01 4.503896e+01 4.904605e+01 4.669070e+01 5.008571e+01 3.617760e+01 3.638669e+01 2.790489e+01 5.561295e+00 3.575380e+00 3.839898e+00 3.023505e+00 5.473639e+00 4.981853e+00 4.506707e+00 4.152772e+00 3.977065e+00 3.788780e+00 3.731305e+00 2.680751e+00 2.436009e+00
<GConst> 1.082036e+02
<TransP> 5
 0.000000e+00 1.000000e+00 0.000000e+00 0.000000e+00 0.000000e+00
 0.000000e+00 7.204304e-01 2.795695e-01 0.000000e+00 0.000000e+00
 0.000000e+00 0.000000e+00 8.155619e-01 1.844381e-01 0.000000e+00
 0.000000e+00 0.000000e+00 0.000000e+00 6.441068e-01 3.558932e-01
 0.000000e+00 0.000000e+00 0.000000e+00 0.000000e+00 0.000000e+00
<EndHMM>
~h "t"
<BeginHMM>
<NumStates> 5
<State> 2
<Mean> 25
 -6.254510e-01 4.965521e+00 2.290462e+00 2.138458e+00 3.278037e-01 -2.063125e+00 -6.433273e-01 -1.628186e+00 -7.117626e-01 -8.088244e-01 -7.811819e-01 -5.250552e-02 -2.190153e+00 -4.436519e-01 -6.709227e-01 2.693412e-01 1.068099e+00 7.477328e-01 8.525772e-01 7.776455e-01 8.853400e-01 5.759790e-01 7.775526e-01 3.497627e-01 -1.513789e-01
<Variance> 25
 4.507940e+01 2.770875e+01 3.394308e+01 3.441948e+01 4.811001e+01 4.543618e+01 4.037530e+01 3.584484e+01 3.341833e+01 3.022292e+01 2.910130e+01 2.353240e+01 4.740992e+00 4.209050e+00 3.607177e+00 3.549426e+00 4.683950e+00 4.274961e+00 4.450918e+00 4.296198e+00 4.030149e+00 3.469893e+00 3.433895e+00 2.614657e+00 1.066020e+01
<GConst> 1.072447e+02
<State> 3
<Mean> 25
 -8.152356e+00 2.748891e-01 -1.895862e+00 1.780199e+00 4.161885e+00 1.971246e+00 3.944366e+00 2.854558e+00 3.644903e+00 2.536520e+00 2.756881e+00 2.219060e+00 -6.496285e-01 -5.393689e-01 -3.310696e-01 -4.097290e-01 2.377501e-02 -7.001808e-02 5.527499e-02 2.149397e-01 2.841864e-01 8.760276e-02 1.121007e-01 6.474935e-02 1.137916e+00
<Variance> 25
 3.298923e+01 2.880567e+01 2.566859e+01 2.954343e+01 3.215471e+01 3.304948e+01 3.200393e+01 2.965147e+01 2.748512e+01 2.444643e+01 2.403356e+01 1.808063e+01 2.929969e+00 2.389649e+00 2.485571e+00 2.517628e+00 3.328759e+00 2.927433e+00 2.606529e+00 2.654311e+00 2.527651e+00 2.286411e+00 2.009344e+00 1.751290e+00 6.875265e+00
<GConst> 9.877442e+01
<State> 4
<Mean> 25
 -6.606230e+00 4.805232e-01 -1.407982e+00 -9.409849e-02 2.745371e+00 -1.450179e+00 4.315328e-01 1.275714e+00 2.899772e+00 9.111388e-01 6.793263e-01 7.656029e-01 2.361908e+00 1.757994e-01 5.474119e-01 -3.567640e-01 -1.040167e+00 -1.097404e+00 -1.704630e+00 -9.429227e-01 -7.111457e-01 -5.724013e-01 -9.096856e-01 -5.836325e-01 1.248976e+00
<Variance> 25
 4.961529e+01 3.418273e+01 3.699762e+01 3.791990e+01 5.772673e+01 5.476514e+01 5.755745e+01 4.703704e+01 3.718505e+01 3.348630e+01 3.575155e+01 2.653674e+01 5.107196e+00 3.857484e+00 5.647244e+00 4.704288e+00 7.307330e+00 6.836549e+00 5.624837e+00 5.649394e+00 4.918426e+00 4.371748e+00 4.306153e+00 3.319125e+00 5.502632e+00
<GConst> 1.116373e+02
<TransP> 5
 0.000000e+00 1.000000e+00 0.000000e+00 0.000000e+00 0.000000e+00
 0.000000e+00 6.808737e-01 3.191263e-01 0.000000e+00 0.000000e+00
 0.000000e+00 0.000000e+00 7.476129e-01 2.523870e-01 0.000000e+00
 0.000000e+00 0.000000e+00 0.000000e+00 5.020762e-01 4.979239e-01
 0.000000e+00 0.000000e+00 0.000000e+00 0.000000e+00 0.000000e+00
<EndHMM>
~h "u"
<BeginHMM>
<NumStates> 5
<State> 2
<Mean> 25
 5.312886e+00 1.994676e+00 -3.298229e+00 -8.600824e-01 8.642884e-02 -6.824715e-01 -6.189061e+00 -6.939571e+00 -3.683318e+00 -1.252252e+00 -2.458282e-01 -1.305519e+00 2.747042e+00 1.215170e+00 -4.734001e-01 -2.614049e+00 -1.827261e+00 5.798935e-01 -7.004238e-01 -1.522010e+00 -1.937023e+00 -8.071038e-01 -2.793263e-01 -1.996739e-02 4.045681e-01
<Variance> 25
 2.691774e+01 2.424523e+01 2.786872e+01 5.977730e+01 4.609115e+01 4.901140e+01 7.264325e+01 5.033038e+01 4.239085e+01 4.240408e+01 3.821529e+01 3.889838e+01 2.891791e+00 3.420183e+00 3.432908e+00 5.886462e+00 4.995166e+00 5.474145e+00 5.886738e+00 6.832113e+00 5.660421e+00 4.786679e+00 4.921554e+00 4.074477e+00 2.049324e+00
<GConst> 1.098869e+02
<State> 3
<Mean> 25
 9.423652e+00 5.490905e+00 -3.720727e+00 -7.554131e+00 -4.053252e+00 2.242386e+00 -3.522468e+00 -6.113765e+00 -6.328522e+00 -4.099249e+00 -1.716688e+00 -1.338971e+00 1.707788e-01 6.426402e-02 -1.162274e-03 -3.819802e-01 -1.529199e-01 4.152046e-01 6.597803e-02 -4.784335e-02 -1.420479e-01 -7.983744e-02 -4.619148e-02 3.254703e-02 -1.069432e-01
<Variance> 25
 1.559101e+01 2.885688e+01 3.187611e+01 6.554353e+01 4.102094e+01 4.974798e+01 5.914590e+01 5.188164e+01 5.258873e+01 4.750302e+01 4.211205e+01 4.495103e+01 7.958149e-01 1.670556e+00 1.349795e+00 3.025951e+00 2.550325e+00 2.504238e+00 2.808580e+00 3.251675e+00 2.969122e+00 2.858692e+00 2.616951e+00 2.198923e+00 1.112760e+00
<GConst> 1.004732e+02
<State> 4
<Mean> 25
 6.611119e+00 3.168921e+00 -2.346855e+00 -2.552455e+00 -1.391458e+00 2.593350e-01 -7.596526e+00 -8.240220e+00 -4.898725e+00 -1.881095e+00 -1.114524e+00 -1.732612e+00 -9.689867e-01 -3.048421e-01 8.105690e-01 1.437616e+00 7.376152e-01 -6.782091e-01 -1.251887e-01 6.272112e-01 1.217502e+00 3.577288e-01 -2.659844e-01 -2.259687e-01 -3.281828e-01
<Variance> 25
 2.514244e+01 2.905490e+01 3.748625e+01 6.973587e+01 4.465936e+01 6.020956e+01 7.451086e+01 5.979808e+01 5.328799e+01 5.381308e+01 5.518909e+01 5.394164e+01 2.115012e+00 3.124914e+00 2.581696e+00 3.880191e+00 4.337075e+00 4.243637e+00 5.853444e+00 5.149066e+00 4.638204e+00 4.591856e+00 4.153635e+00 3.473408e+00 3.119170e+00
<GConst> 1.100446e+02
<TransP> 5
 0.000000e+00 1.000000e+00 0.000000e+00 0.000000e+00 0.000000e+00
 0.000000e+00 5.154769e-01 4.845231e-01 0.000000e+00 0.000000e+00
 0.000000e+00 0.000000e+00 6.794971e-01 3.205029e-01 0.000000e+00
 0.000000e+00 0.000000e+00 0.000000e+00 5.711764e-01 4.288236e-01
 0.000000e+00 0.000000e+00 0.000000e+00 0.000000e+00 0.000000e+00
<EndHMM>
~h "uuu~"
<BeginHMM>
<NumStates> 5
<State> 2
<Mean> 25
 4.189651e+00 -4.943088e+00 -3.445781e+00 -4.076629e+00 -2.326853e+00 -3.541892e+00 -2.950643e+00 2.957215e+00 6.561500e-01 -2.977045e+00 -4.871897e+00 -2.240486e+00 7.483006e-01 -1.600513e+00 -8.768096e-01 -6.630276e-01 3.934606e-01 2.476372e-01 -5.457534e-01 9.606749e-01 5.956892e-02 -7.194839e-01 -9.483723e-01 -2.756227e-01 1.250220e+00
<Variance> 25
 2.835000e+01 5.217141e+01 3.797250e+01 3.853731e+01 5.880420e+01 5.873894e+01 5.301657e+01 4.367504e+01 5.002457e+01 4.690953e+01 4.296003e+01 3.689600e+01 3.285648e+00 3.046473e+00 2.998060e+00 3.516681e+00 4.505072e+00 4.402994e+00 5.169158e+00 3.983924e+00 3.914316e+00 3.923989e+00 3.865415e+00 3.126355e+00 3.243995e+00
<GConst> 1.086304e+02
<State> 3
<Mean> 25
 6.475046e+00 -7.685936e+00 -6.050931e+00 -4.409321e+00 5.791312e-01 -1.434849e+00 -5.521332e+00 3.168499e+00 2.161937e-01 -5.011082e+00 -5.665158e+00 -3.969362e+00 1.470211e-01 3.012455e-01 -6.276013e-02 2.280211e-01 2.194942e-01 -4.515691e-03 -1.483036e-01 -2.545049e-01 -2.650441e-01 3.159124e-02 1.150780e-01 -6.125444e-02 -4.337339e-01
<Variance> 25
 1.382121e+01 2.703498e+01 3.062831e+01 3.214383e+01 5.575314e+01 5.569457e+01 5.327256e+01 4.483931e+01 5.440624e+01 6.281818e+01 4.441242e+01 3.966737e+01 3.674718e-01 9.020167e-01 1.262060e+00 1.079746e+00 1.984491e+00 1.903594e+00 2.006102e+00 1.997825e+00 1.899286e+00 1.927693e+00 1.739371e+00 1.736443e+00 4.688741e-01
<GConst> 9.376084e+01
<State> 4
<Mean> 25
 7.784851e+00 -2.253818e+00 -1.970575e+00 -1.722119e+00 -2.027878e+00 -3.833479e+00 -3.943989e+00 -1.583967e+00 -3.050821e+00 -2.464210e+00 -5.549066e+00 -3.146391e+00 1.403913e-01 1.844893e+00 1.114339e+00 1.238623e+00 -3.477894e-02 -8.783711e-02 5.978501e-01 -1.487716e+00 -4.488846e-01 4.012244e-01 1.142707e-01 7.925458e-02 -1.974147e+00
<Variance> 25
 1.363906e+01 3.333666e+01 3.902840e+01 3.511415e+01 5.019794e+01 5.604347e+01 4.644253e+01 6.390881e+01 5.433172e+01 5.411919e+01 5.216195e+01 4.387704e+01 1.543615e+00 2.037704e+00 2.420600e+00 2.411552e+00 3.293340e+00 3.417563e+00 3.765155e+00 4.903699e+00 3.909652e+00 3.732074e+00 3.227490e+00 2.778288e+00 1.219065e+00
<GConst> 1.042681e+02
<TransP> 5
 0.000000e+00 1.000000e+00 0.000000e+00 0.000000e+00 0.000000e+00
 0.000000e+00 5.895832e-01 4.104168e-01 0.000000e+00 0.000000e+00
 0.000000e+00 0.000000e+00 7.569735e-01 2.430265e-01 0.000000e+00
 0.000000e+00 0.000000e+00 0.000000e+00 7.274188e-01 2.725813e-01
 0.000000e+00 0.000000e+00 0.000000e+00 0.000000e+00 0.000000e+00
<EndHMM>
~h "v"
<BeginHMM>
<NumStates> 5
<State> 2
<Mean> 25
 4.381450e+00 2.608807e+00 -1.450370e-01 2.772821e+00 -1.999052e+00 -3.089953e+00 -5.504960e+00 -4.490593e+00 -1.639424e+00 -8.489177e-01 -2.755315e+00 -3.146526e+00 -1.071063e+00 1.135344e+00 1.361842e-01 1.086519e+00 7.753571e-01 5.717177e-01 5.311939e-01 -1.598661e-01 -1.604465e-01 -2.367905e-01 1.241919e-01 -1.984219e-02 -7.492771e-01
<Variance> 25
 2.243961e+01 2.566983e+01 3.325923e+01 3.173170e+01 3.163703e+01 4.893956e+01 4.271803e+01 3.511559e+01 3.261178e+01 3.693927e+01 3.559178e+01 2.808276e+01 1.659204e+00 1.793349e+00 2.452336e+00 2.399314e+00 2.542029e+00 3.495273e+00 2.724086e+00 2.731696e+00 2.692770e+00 2.742656e+00 2.347399e+00 2.024205e+00 8.891199e-01
<GConst> 9.841866e+01
<State> 3
<Mean> 25
 -1.350809e+00 3.236494e+00 -6.567804e-01 4.288121e+00 2.168516e+00 4.836872e-01 4.162076e-01 -9.117918e-01 2.832046e-01 -2.842060e-01 -1.797260e-01 -1.355009e-01 -2.787607e-01 -1.062234e-01 2.571163e-02 -4.349093e-02 2.993907e-02 3.862280e-02 1.369775e-01 2.094630e-02 -1.200083e-02 -3.555380e-02 4.639860e-02 7.861587e-02 5.378013e-02
<Variance> 25
 3.289888e+01 2.493395e+01 3.042509e+01 2.864787e+01 3.133564e+01 3.595902e+01 4.257816e+01 3.674361e+01 3.193228e+01 2.897465e+01 2.992581e+01 2.629887e+01 1.087186e+00 8.749408e-01 1.217510e+00 1.348995e+00 1.420389e+00 1.849050e+00 1.707844e+00 1.690133e+00 1.827672e+00 1.702870e+00 1.591391e+00 1.405592e+00 4.702525e-01
<GConst> 9.096542e+01
<State> 4
<Mean> 25
 1.405487e+00 2.655015e+00 2.306870e-01 2.905792e+00 -7.939183e-01 -1.617597e+00 -2.827370e+00 -3.692438e+00 -1.560122e+00 -1.511909e+00 -1.942579e+00 -1.897476e+00 8.609803e-01 -9.282593e-01 -1.165759e-01 -1.428319e+00 -9.435734e-01 -3.822671e-01 -2.661414e-01 -3.971474e-02 -6.979863e-02 2.899278e-01 1.677580e-01 1.456300e-01 1.000821e+00
<Variance> 25
 3.848835e+01 2.717883e+01 4.524335e+01 4.420716e+01 3.753101e+01 5.095840e+01 4.162922e+01 3.773706e+01 3.386598e+01 3.472174e+01 3.148209e+01 2.742460e+01 3.216472e+00 2.678734e+00 3.357007e+00 3.515808e+00 3.193192e+00 3.784003e+00 3.284593e+00 3.550434e+00 3.424798e+00 3.235164e+00 2.632468e+00 2.299189e+00 1.857790e+00
<GConst> 1.036420e+02
<TransP> 5
 0.000000e+00 1.000000e+00 0.000000e+00 0.000000e+00 0.000000e+00
 0.000000e+00 5.428167e-01 4.571833e-01 0.000000e+00 0.000000e+00
 0.000000e+00 0.000000e+00 6.626081e-01 3.373920e-01 0.000000e+00
 0.000000e+00 0.000000e+00 0.000000e+00 3.882847e-01 6.117153e-01
 0.000000e+00 0.000000e+00 0.000000e+00 0.000000e+00 0.000000e+00
<EndHMM>
~h "w"
<BeginHMM>
<NumStates> 5
<State> 2
<Mean> 25
 7.665153e+00 2.687940e+00 -5.366601e+00 -6.011306e+00 -1.905508e+00 1.333879e+00 -3.043622e+00 -3.939090e+00 -2.672196e+00 -5.614197e-01 -4.624043e-01 -2.046773e+00 2.786045e+00 -2.973163e-01 -1.506021e+00 -3.529469e+00 -1.790339e+00 8.518096e-01 -1.921001e-01 -5.253822e-01 -1.241580e+00 3.247739e-01 2.866781e-01 3.867883e-02 1.248666e+00
<Variance> 25
 2.230322e+01 2.425283e+01 2.331678e+01 4.521194e+01 4.200864e+01 4.267186e+01 5.551489e+01 4.184965e+01 4.079482e+01 3.753999e+01 3.485628e+01 2.657556e+01 3.651235e+00 5.056468e+00 3.337655e+00 4.527037e+00 4.711680e+00 5.065649e+00 5.092226e+00 6.373810e+00 5.848762e+00 5.554591e+00 5.243113e+00 3.700426e+00 2.509920e+00
<GConst> 1.082580e+02
<State> 3
<Mean> 25
 1.137545e+01 7.234259e-01 -8.003542e+00 -1.309363e+01 -5.332869e+00 5.580322e+00 -8.553143e-01 -2.528476e+00 -4.757425e+00 -6.581258e-01 9.706778e-01 -1.447408e+00 4.525135e-01 -1.764602e+00 -1.142975e+00 -1.551916e+00 4.038518e-01 1.296718e+00 -2.705356e-01 -3.964857e-02 -1.172536e-01 8.501815e-01 5.429369e-01 -2.906131e-01 1.325151e+00
<Variance> 25
 1.244981e+01 2.850196e+01 2.964107e+01 4.020876e+01 3.883515e+01 4.751020e+01 5.292565e+01 4.241227e+01 4.600240e+01 5.143502e+01 5.241164e+01 3.487123e+01 1.173484e+00 2.359022e+00 1.715575e+00 3.064373e+00 3.974690e+00 3.315228e+00 3.590820e+00 3.579155e+00 3.464278e+00 4.211466e+00 3.872495e+00 2.851063e+00 1.264713e+00
<GConst> 1.025448e+02
<State> 4
<Mean> 25
 9.999509e+00 -6.178510e+00 -1.058885e+01 -1.321370e+01 7.645563e-01 7.618539e+00 -3.928112e+00 -3.564685e+00 -2.582563e+00 3.445019e+00 8.584347e-02 -5.888535e+00 -4.960624e-01 -1.430792e+00 -8.604802e-02 6.518224e-01 1.035310e+00 -3.842514e-01 -5.030566e-01 3.266477e-01 1.109359e+00 3.040924e-01 -1.095218e+00 -9.741848e-01 6.388559e-01
<Variance> 25
 1.178549e+01 2.357237e+01 2.918625e+01 3.851903e+01 3.994426e+01 5.332791e+01 4.789455e+01 3.365585e+01 4.146996e+01 4.966573e+01 6.357957e+01 4.331882e+01 4.353063e-01 1.680878e+00 1.046388e+00 1.968982e+00 2.189298e+00 3.011693e+00 2.911887e+00 2.802227e+00 2.752716e+00 3.079632e+00 2.808358e+00 2.544753e+00 7.793460e-01
<GConst> 9.744952e+01
<TransP> 5
 0.000000e+00 1.000000e+00 0.000000e+00 0.000000e+00 0.000000e+00
 0.000000e+00 4.123057e-01 5.876943e-01 0.000000e+00 0.000000e+00
 0.000000e+00 0.000000e+00 5.396152e-01 4.603848e-01 0.000000e+00
 0.000000e+00 0.000000e+00 0.000000e+00 6.605284e-01 3.394716e-01
 0.000000e+00 0.000000e+00 0.000000e+00 0.000000e+00 0.000000e+00
<EndHMM>
~h "y"
<BeginHMM>
<NumStates> 5
<State> 2
<Mean> 25
 -2.843923e+00 -3.126821e-01 8.274833e+00 4.305266e+00 -7.726399e+00 -2.979544e+00 -2.190815e+00 -2.483658e+00 -3.938038e+00 -3.175281e+00 -8.363265e-01 -4.471363e-01 1.936113e+00 2.566383e-02 1.134434e+00 5.178808e-01 -1.582674e+00 -1.490811e+00 -9.131618e-01 -7.170483e-01 -1.549317e+00 -7.984793e-01 2.167110e-02 -3.441415e-01 5.756836e-01
<Variance> 25
 6.671443e+01 3.169712e+01 3.628114e+01 5.749991e+01 4.863462e+01 5.269715e+01 5.456316e+01 4.464745e+01 4.479833e+01 3.884599e+01 3.122227e+01 2.926668e+01 6.113567e+00 3.147426e+00 3.933506e+00 4.226890e+00 4.625160e+00 5.905829e+00 6.236329e+00 5.094638e+00 5.060262e+00 4.577583e+00 3.816386e+00 3.321180e+00 1.788975e+00
<GConst> 1.099710e+02
<State> 3
<Mean> 25
 3.595291e+00 -1.075529e+00 1.014851e+01 4.721221e+00 -1.161083e+01 -6.811718e+00 -5.027970e+00 -3.240989e+00 -8.171060e+00 -5.275799e+00 2.509007e-01 -1.530278e+00 4.738696e-01 1.360558e-01 -6.479792e-02 -3.483973e-01 -6.912594e-02 -7.341141e-04 -2.126698e-01 -1.134514e-01 -1.387880e-01 1.484291e-01 -1.752193e-02 -1.481945e-01 -5.813551e-02
<Variance> 25
 2.076603e+01 2.060633e+01 3.771769e+01 6.614924e+01 4.204539e+01 4.960125e+01 4.511319e+01 4.418129e+01 5.716781e+01 5.451640e+01 4.104367e+01 5.016815e+01 2.534952e+00 1.558059e+00 2.384905e+00 2.689642e+00 2.623384e+00 3.362781e+00 3.250502e+00 3.351164e+00 3.292805e+00 2.759377e+00 2.641165e+00 2.324590e+00 8.273333e-01
<GConst> 1.023721e+02
<State> 4
<Mean> 25
 3.453297e+00 7.211335e-01 7.291401e+00 2.059401e+00 -8.156959e+00 -4.500153e+00 -5.267737e+00 -3.454386e+00 -4.764604e+00 -3.115497e+00 -1.218992e+00 -1.790175e+00 3.704133e-01 8.265724e-01 -1.115542e+00 -6.810962e-01 1.737183e+00 8.894521e-01 2.246404e-01 -4.160811e-01 9.055405e-01 7.469286e-01 -4.805605e-01 -1.497752e-01 -9.993907e-01
<Variance> 25
 2.836889e+01 3.335390e+01 5.836206e+01 6.711198e+01 4.866698e+01 5.531987e+01 5.609561e+01 4.874693e+01 5.898900e+01 5.232901e+01 4.795555e+01 4.410069e+01 3.077137e+00 2.717915e+00 3.198449e+00 4.424168e+00 4.020328e+00 4.816202e+00 4.594536e+00 4.536073e+00 4.619617e+00 4.332981e+00 3.627388e+00 3.122083e+00 2.617308e+00
<GConst> 1.097355e+02
<TransP> 5
 0.000000e+00 1.000000e+00 0.000000e+00 0.000000e+00 0.000000e+00
 0.000000e+00 4.975077e-01 5.024924e-01 0.000000e+00 0.000000e+00
 0.000000e+00 0.000000e+00 6.457655e-01 3.542345e-01 0.000000e+00
 0.000000e+00 0.000000e+00 0.000000e+00 4.745820e-01 5.254180e-01
 0.000000e+00 0.000000e+00 0.000000e+00 0.000000e+00 0.000000e+00
<EndHMM>
~h "z"
<BeginHMM>
<NumStates> 5
<State> 2
<Mean> 25
 -1.616221e+00 8.376680e+00 1.957361e+00 1.833069e+00 -1.066948e+00 -8.540675e+00 -4.980383e+00 -3.669905e+00 -1.108146e+00 -2.669010e+00 -3.767361e+00 -7.181747e-01 -2.162934e+00 2.023797e+00 -5.767983e-01 7.669282e-01 1.532169e+00 1.568459e-01 1.121675e+00 2.714086e-01 1.942541e-01 -2.177850e-01 2.699594e-01 -1.285735e-01 -4.895233e-01
<Variance> 25
 3.029270e+01 4.056543e+01 4.192175e+01 3.343442e+01 5.428080e+01 4.482885e+01 6.367619e+01 4.002747e+01 3.529776e+01 4.598930e+01 4.028157e+01 3.810932e+01 2.001609e+00 2.496815e+00 2.300602e+00 2.415512e+00 3.122926e+00 3.418934e+00 3.551413e+00 3.748381e+00 3.034748e+00 2.983631e+00 2.846790e+00 2.855140e+00 5.863188e-01
<GConst> 1.027206e+02
<State> 3
<Mean> 25
 -8.721520e+00 1.035100e+01 1.150944e+00 4.617132e+00 2.871809e+00 -3.848933e+00 4.270597e-01 -2.567503e+00 -7.008646e-01 -2.355069e+00 -8.627741e-01 1.670196e-02 -3.863565e-01 -4.464456e-01 -2.385692e-01 3.358691e-02 2.117075e-01 2.921957e-01 1.863114e-01 1.906127e-01 1.738154e-01 9.111737e-02 1.306734e-01 6.220018e-02 -1.135648e-01
<Variance> 25
 3.445797e+01 3.992796e+01 3.767686e+01 3.386529e+01 4.364933e+01 4.558113e+01 5.045370e+01 4.170855e+01 2.899244e+01 3.218815e+01 2.868998e+01 2.958112e+01 1.636629e+00 1.063729e+00 1.580326e+00 1.485671e+00 1.859141e+00 2.084537e+00 2.014427e+00 2.057857e+00 1.943434e+00 1.806701e+00 1.706728e+00 1.487221e+00 4.240176e-01
<GConst> 9.466900e+01
<State> 4
<Mean> 25
 -4.299611e+00 7.600855e+00 1.082888e+00 2.516032e+00 1.213910e+00 -6.654843e+00 -2.809328e+00 -2.625586e+00 -1.295396e-01 -2.287415e+00 -2.081426e+00 -3.601559e-01 2.551335e+00 -1.836859e+00 2.087280e-01 -9.343774e-01 -1.222910e+00 -3.154294e-01 -1.081329e+00 -1.880877e-01 1.975885e-01 4.049968e-01 -1.720070e-01 2.756194e-02 2.263307e-01
<Variance> 25
 4.481773e+01 3.126489e+01 3.441640e+01 3.267118e+01 5.204501e+01 5.285887e+01 6.537976e+01 4.442732e+01 3.448163e+01 3.582444e+01 3.243925e+01 3.284482e+01 3.385046e+00 3.321156e+00 2.872333e+00 3.420286e+00 4.105091e+00 4.794585e+00 4.511105e+00 4.588681e+00 3.777705e+00 3.433088e+00 3.070560e+00 3.012480e+00 2.228463e+00
<GConst> 1.065040e+02
<TransP> 5
 0.000000e+00 1.000000e+00 0.000000e+00 0.000000e+00 0.000000e+00
 0.000000e+00 6.640827e-01 3.359173e-01 0.000000e+00 0.000000e+00
 0.000000e+00 0.000000e+00 6.980168e-01 3.019832e-01 0.000000e+00
 0.000000e+00 0.000000e+00 0.000000e+00 5.872320e-01 4.127680e-01
 0.000000e+00 0.000000e+00 0.000000e+00 0.000000e+00 0.000000e+00
<EndHMM>
~h "zz"
<BeginHMM>
<NumStates> 5
<State> 2
<Mean> 25
 -2.866539e+00 1.776373e+00 8.645432e+00 1.454420e+00 -3.638510e+00 -3.567432e+00 -2.031108e+00 -4.631984e+00 1.679590e+00 -3.651512e+00 -1.602928e+00 -1.263444e+00 -3.229300e+00 9.534014e-01 1.831761e+00 4.192215e-01 8.775986e-01 4.903823e-01 1.236579e+00 -9.735988e-02 5.960433e-01 -4.256113e-01 3.402072e-01 -1.753775e-01 3.614608e-01
<Variance> 25
 4.632495e+01 2.762837e+01 4.220187e+01 4.813298e+01 5.824977e+01 5.148651e+01 5.694157e+01 5.108278e+01 4.489544e+01 4.535011e+01 3.395034e+01 3.652813e+01 3.078861e+00 2.996035e+00 3.185936e+00 2.583569e+00 3.880552e+00 4.272796e+00 3.876515e+00 3.797796e+00 3.327493e+00 3.310360e+00 2.892178e+00 2.588571e+00 1.427470e+00
<GConst> 1.060368e+02
<State> 3
<Mean> 25
 -1.176497e+01 2.139145e+00 1.000861e+01 2.404057e+00 6.817418e-01 -3.760242e-01 2.485230e+00 -2.070235e+00 3.563098e+00 -2.229695e+00 2.716073e-01 1.860989e-01 -3.796168e-01 -1.681277e-01 -1.647731e-01 -8.295525e-02 8.097109e-02 6.223465e-03 8.964114e-03 1.252722e-01 7.152995e-02 -5.257620e-02 2.551308e-02 4.953557e-02 1.056082e-02
<Variance> 25
 3.573117e+01 3.785023e+01 5.000913e+01 4.408139e+01 4.967858e+01 5.482821e+01 5.143304e+01 4.498881e+01 4.355326e+01 4.172591e+01 2.977155e+01 2.815018e+01 2.727600e+00 1.065816e+00 1.312868e+00 1.539499e+00 1.917791e+00 2.160802e+00 2.009918e+00 2.096694e+00 2.032485e+00 1.914879e+00 1.742819e+00 1.591924e+00 7.810162e-01
<GConst> 9.751067e+01
<State> 4
<Mean> 25
 -4.911634e+00 1.260360e+00 8.277663e+00 1.485168e+00 -3.108005e+00 -4.310334e+00 -2.486872e+00 -3.792602e+00 2.812703e+00 -4.236639e+00 -1.278505e+00 -9.623511e-01 3.504525e+00 -6.936063e-01 -1.598666e+00 -5.097079e-01 -1.089487e+00 -1.039546e+00 -1.795133e+00 -8.341946e-02 -4.638414e-01 2.575477e-01 -3.163835e-01 3.271322e-02 1.072607e-01
<Variance> 25
 5.904076e+01 2.768594e+01 3.656808e+01 4.312698e+01 5.012132e+01 4.787612e+01 6.093944e+01 4.517382e+01 4.281925e+01 4.612030e+01 3.251159e+01 3.165996e+01 4.086367e+00 3.646844e+00 3.293544e+00 2.734919e+00 4.053359e+00 5.213237e+00 4.423329e+00 4.340840e+00 3.782300e+00 3.452147e+00 3.101706e+00 2.568773e+00 1.554197e+00
<GConst> 1.069287e+02
<TransP> 5
 0.000000e+00 1.000000e+00 0.000000e+00 0.000000e+00 0.000000e+00
 0.000000e+00 6.800982e-01 3.199019e-01 0.000000e+00 0.000000e+00
 0.000000e+00 0.000000e+00 7.112588e-01 2.887413e-01 0.000000e+00
 0.000000e+00 0.000000e+00 0.000000e+00 6.526920e-01 3.473080e-01
 0.000000e+00 0.000000e+00 0.000000e+00 0.000000e+00 0.000000e+00
<EndHMM>
