~o <StreamInfo> 1 25
<VecSize> 25
<nulld>
<mfcc_D_N_Z_0>
<diagc>
~s "silst"
<Mean> 25
 -4.735514e+00 7.029149e-01 3.164025e+00 3.899501e+00 4.793468e+00 1.837175e+00 4.735621e+00 3.967271e+00 2.893062e+00 3.589854e+00 4.827808e+00 1.105385e+00 -8.739225e-03 -5.570748e-03 -1.281680e-02 -2.053554e-02 -3.494250e-02 -1.298811e-02 -1.354285e-02 -1.351748e-02 -6.295092e-03 6.416697e-04 -8.865537e-03 -1.600688e-03 3.850793e-03
<Variance> 25
 4.532652e+00 5.528023e+00 6.421956e+00 9.003163e+00 1.729624e+01 1.670937e+01 1.624228e+01 1.574845e+01 1.822540e+01 1.751592e+01 1.337102e+01 1.196068e+01 2.930681e-01 4.178733e-01 5.756162e-01 7.804024e-01 9.922527e-01 1.242620e+00 1.313795e+00 1.400071e+00 1.493324e+00 1.515792e+00 1.383735e+00 1.235423e+00 4.088773e-01
<GConst> 7.365433e+01
~h "E"
<BeginHMM>
<NumStates> 5
<State> 2
<Mean> 25
 4.440804e+00 -4.362632e+00 3.667607e+00 -9.383043e+00 -1.731053e+01 -9.767502e+00 -2.045463e+00 -7.106444e+00 -6.683429e+00 -3.252009e+00 -4.811187e+00 -1.976782e+00 -5.556353e-01 -1.601528e+00 -4.405017e-02 -2.669692e+00 -2.637528e+00 8.266244e-01 9.517124e-01 -1.066040e+00 1.076420e-01 1.702569e+00 -1.505011e+00 -7.088071e-01 1.893225e+00
<Variance> 25
 1.176815e+01 2.694732e+01 2.380964e+01 3.175293e+01 5.891780e+01 1.881983e+01 2.033652e+01 3.230323e+01 2.668573e+01 3.583038e+01 3.414725e+01 3.519926e+01 1.837224e+00 2.180802e+00 1.393427e+00 3.188036e+00 7.060742e+00 3.796839e+00 3.885857e+00 2.191737e+00 2.852256e+00 4.908410e+00 3.851505e+00 3.879356e+00 2.505165e+00
<GConst> 1.003590e+02
<State> 3
<Mean> 25
 3.518909e+00 -2.821674e+00 5.437712e+00 -1.599731e+01 -2.307566e+01 -3.887699e+00 -5.842140e+00 -1.185252e+01 -3.809690e+00 -1.470520e+00 -9.194092e+00 -2.759026e+00 -1.269431e-01 7.968539e-02 7.089062e-02 -1.609630e-01 -2.334834e-01 3.491261e-01 -3.680734e-01 -3.351240e-01 2.254361e-01 7.089975e-02 -2.305702e-01 2.945832e-01 1.094145e-02
<Variance> 25
 7.390865e+00 3.810218e+01 1.762360e+01 1.592140e+01 1.855948e+01 1.579503e+01 4.026482e+01 1.296723e+01 2.752685e+01 3.628974e+01 1.751200e+01 2.287089e+01 2.064412e-01 5.181788e-01 4.686407e-01 7.397360e-01 7.834585e-01 1.274351e+00 1.558392e+00 1.262667e+00 8.883733e-01 1.249550e+00 1.424943e+00 1.072902e+00 2.141224e-01
<GConst> 7.843082e+01
<State> 4
<Mean> 25
 6.047285e+00 -9.532328e+00 -3.884166e+00 -9.378793e+00 -1.636077e+01 -4.530212e+00 -7.190238e-01 -6.580629e+00 -7.081961e+00 -2.820021e+00 -1.140301e+01 -2.838289e+00 6.838338e-01 6.825351e-01 -5.691070e-01 5.498900e-01 1.490072e+00 4.074610e-02 -6.585259e-01 2.179373e-01 4.585092e-01 5.263973e-01 1.487399e-01 -2.843810e-01 -1.269611e+00
<Variance> 25
 2.472996e+01 6.922282e+01 6.504345e+01 4.580626e+01 7.433479e+01 2.594833e+01 5.978047e+01 4.498392e+01 3.377835e+01 5.364684e+01 2.169200e+01 3.018960e+01 5.438643e-01 2.806907e+00 1.514471e+00 4.208257e+00 4.297352e+00 2.308883e+00 3.303836e+00 2.563121e+00 1.775544e+00 3.596439e+00 2.585601e+00 2.288526e+00 3.313683e+00
<GConst> 1.023763e+02
<TransP> 5
 0.000000e+00 1.000000e+00 0.000000e+00 0.000000e+00 0.000000e+00
 0.000000e+00 7.018330e-01 2.981670e-01 0.000000e+00 0.000000e+00
 0.000000e+00 0.000000e+00 8.418491e-01 1.581509e-01 0.000000e+00
 0.000000e+00 0.000000e+00 0.000000e+00 7.466744e-01 2.533257e-01
 0.000000e+00 0.000000e+00 0.000000e+00 0.000000e+00 0.000000e+00
<EndHMM>
~h "I"
<BeginHMM>
<NumStates> 5
<State> 2
<Mean> 25
 3.661246e+00 -3.000297e+00 5.051123e+00 -1.611230e+01 -2.428568e+01 -4.846312e+00 -5.716683e+00 -1.205841e+01 -1.575095e+00 3.006685e+00 -8.523103e+00 -1.952822e-01 5.212972e-01 -1.411411e-01 2.325072e-01 9.163885e-01 4.892489e-01 -1.009910e+00 7.256073e-01 2.155388e-01 -4.863744e-01 -1.671662e-02 4.222367e-01 2.637919e-01 -7.275057e-01
<Variance> 25
 7.540783e+00 2.996500e+01 3.775891e+01 8.018619e+00 8.471978e+00 2.629503e+01 3.014892e+01 1.866595e+01 2.516516e+01 2.886501e+01 2.967801e+01 2.303984e+01 4.317848e-01 2.067130e+00 9.626827e-01 1.469978e+00 9.023945e-01 2.996501e+00 2.740703e+00 1.062871e+00 1.967299e+00 2.121403e+00 1.717772e+00 1.626146e+00 5.738840e-01
<GConst> 8.613311e+01
<State> 3
<Mean> 25
 6.951468e+00 -1.263363e+00 8.944186e+00 -1.035114e+01 -2.013601e+01 -8.629148e+00 -4.204460e+00 -1.124950e+01 -4.325494e+00 3.278996e-01 -5.461379e+00 -2.288870e-01 8.756061e-01 9.138622e-01 -1.496133e-01 3.645948e+00 3.702043e+00 -1.400822e+00 1.189122e+00 1.751162e+00 -4.814571e-01 -2.042055e+00 1.267189e+00 -7.794216e-02 -3.126537e+00
<Variance> 25
 8.384796e+00 7.074532e+01 4.152722e+01 2.530899e+01 3.074296e+01 7.590562e+01 4.225964e+01 1.920226e+01 1.950303e+01 2.437516e+01 2.373299e+01 2.844667e+01 1.409329e+00 2.329027e+00 1.528051e+00 2.149646e+00 4.330190e+00 2.336861e+00 4.171026e+00 1.719298e+00 1.781321e+00 3.340976e+00 4.072320e+00 1.710426e+00 3.774800e+00
<GConst> 9.813827e+01
<State> 4
<Mean> 25
 4.252563e+00 4.171223e+00 7.280625e+00 1.209213e+00 -3.587302e+00 -4.897113e+00 -2.164522e+00 -5.486147e+00 -2.829433e+00 -4.883787e+00 -2.906602e+00 -6.703228e-01 -4.064147e-01 -1.051166e+00 -1.229231e+00 1.500068e+00 1.967941e+00 2.214864e-01 1.396275e+00 1.444261e+00 7.855318e-01 -7.478523e-01 2.454947e-01 -2.170959e-01 -3.493436e-01
<Variance> 25
 4.479268e+01 7.057638e+01 6.335862e+01 3.879185e+01 1.153695e+02 8.540405e+01 6.576624e+01 2.763301e+01 4.506062e+01 3.695031e+01 4.199576e+01 3.608003e+01 4.424384e+00 3.304280e+00 2.851489e+00 4.036029e+00 8.832073e+00 6.562478e+00 6.400231e+00 3.569886e+00 4.082871e+00 5.405877e+00 4.942537e+00 2.581865e+00 5.467703e+00
<GConst> 1.129078e+02
<TransP> 5
 0.000000e+00 1.000000e+00 0.000000e+00 0.000000e+00 0.000000e+00
 0.000000e+00 6.799318e-01 3.200682e-01 0.000000e+00 0.000000e+00
 0.000000e+00 0.000000e+00 4.902748e-01 5.097252e-01 0.000000e+00
 0.000000e+00 0.000000e+00 0.000000e+00 5.103858e-01 4.896143e-01
 0.000000e+00 0.000000e+00 0.000000e+00 0.000000e+00 0.000000e+00
<EndHMM>
~h "J"
<BeginHMM>
<NumStates> 5
<State> 2
<Mean> 25
 5.505134e+00 -2.574369e+00 -3.975281e-01 -7.631543e+00 -1.535224e+01 -1.655023e+01 -9.647156e+00 -1.072261e+01 -6.784610e+00 -1.644653e+01 -9.471818e+00 -2.668341e+00 1.288130e+00 2.389425e-01 -1.519127e+00 2.146962e+00 2.692955e+00 -4.359736e+00 2.709012e+00 8.493720e-01 -2.131252e+00 -6.068662e-01 2.665217e-01 -2.630398e+00 -8.028238e-01
<Variance> 25
 1.938170e+00 1.720402e+00 1.030853e+01 6.494049e+00 1.498527e+01 3.648999e+01 2.504711e+01 3.952250e+00 2.033141e+01 7.857874e+00 1.322307e+01 2.852813e+01 1.369139e-01 5.937671e-01 3.582136e-01 6.365480e-01 9.232197e-01 3.529116e+00 1.513939e+00 6.411971e-01 4.990559e-01 1.091600e+00 2.062852e+00 1.069406e+00 1.447915e-01
<GConst> 6.867557e+01
<State> 3
<Mean> 25
 8.390312e+00 2.164623e-01 -2.574119e+00 -2.937668e+00 -1.273967e+01 -1.975015e+01 -1.859212e+00 -1.366380e+01 -9.650734e+00 -1.734369e+01 -1.002682e+01 -8.364416e+00 -2.739840e-01 4.113327e-01 1.150576e+00 -4.955206e-01 -1.218005e+00 2.624222e+00 -4.466546e-01 -1.935332e+00 5.958112e-01 7.024596e-01 -3.121809e-01 -2.965674e-01 7.119104e-01
<Variance> 25
 1.094947e+00 1.588070e+00 1.200780e+00 3.550250e+00 4.658463e+00 1.161031e+01 2.231454e+01 1.610448e+01 7.200482e+00 7.917332e+00 2.722835e+00 4.447038e+00 6.662972e-01 3.218341e-01 1.724086e+00 2.498786e+00 9.273819e-01 5.188616e+00 6.683090e+00 4.131997e-01 4.543281e-01 3.506730e+00 3.950298e-01 6.382699e-01 7.923116e-01
<GConst> 6.572493e+01
<State> 4
<Mean> 25
 5.351875e+00 -4.809227e+00 3.841789e+00 -1.229354e+01 -1.935113e+01 -3.355479e+00 -8.733822e+00 -7.229784e+00 -1.057162e+01 -8.695350e+00 -1.091116e+01 -7.602588e+00 1.076175e-01 -1.467119e+00 -2.778920e-01 -2.649632e-01 7.717533e-01 5.457981e-01 -4.159560e-01 2.619611e+00 -2.920637e-01 2.945793e-02 -3.154125e-01 7.301509e-01 1.102677e+00
<Variance> 25
 1.958062e+00 1.812797e+01 8.832940e+00 1.238978e+01 1.630414e+01 1.773745e+01 7.767877e+00 8.808183e+01 1.677781e+01 2.425510e+01 9.960783e+00 1.100381e+01 5.387483e-01 5.751027e-01 2.868814e+00 5.742795e+00 6.978448e+00 1.070626e+01 1.895930e+00 6.055475e+00 1.948514e+00 7.008221e+00 1.397828e+00 1.808459e+00 6.613998e-01
<GConst> 8.862525e+01
<TransP> 5
 0.000000e+00 1.000000e+00 0.000000e+00 0.000000e+00 0.000000e+00
 0.000000e+00 6.922904e-01 3.077095e-01 0.000000e+00 0.000000e+00
 0.000000e+00 0.000000e+00 7.142951e-01 2.857049e-01 0.000000e+00
 0.000000e+00 0.000000e+00 0.000000e+00 8.639334e-01 1.360666e-01
 0.000000e+00 0.000000e+00 0.000000e+00 0.000000e+00 0.000000e+00
<EndHMM>
~h "L"
<BeginHMM>
<NumStates> 5
<State> 2
<Mean> 25
 9.422289e+00 -3.704043e+00 3.037858e+00 -4.269567e+00 -1.594429e+01 -6.884678e+00 2.715795e+00 -1.515756e-01 -9.899577e+00 2.229242e+00 -4.787042e+00 -3.271570e+00 2.226624e-01 3.237107e+00 2.894828e+00 -5.924741e-01 -5.053653e-01 -2.116553e+00 -2.280508e+00 3.852676e-01 -5.146849e-01 2.527448e+00 3.668427e-01 4.484774e-01 -1.784735e+00
<Variance> 25
 1.895686e+00 4.573915e+01 5.677915e+01 2.663181e+01 2.306129e+01 4.267361e+01 3.299343e+01 4.637016e+00 1.429114e+01 4.540914e+01 9.089228e+00 6.883593e+00 3.558496e-01 1.561183e+00 1.567892e+00 5.608547e-01 7.941873e+00 5.692156e+00 1.189803e+00 9.584891e-01 2.593451e+00 7.914259e+00 2.410886e+00 1.061287e+00 3.545778e-01
<GConst> 8.641500e+01
<State> 3
<Mean> 25
 8.981013e+00 4.721265e+00 1.182469e+01 -5.203006e+00 -1.195362e+01 -1.038332e+01 -5.844101e+00 1.199317e+00 -1.237596e+01 5.567523e+00 -8.683042e-01 -1.779946e+00 -3.956996e-01 6.136604e-01 1.120619e+00 -6.435843e-01 9.646279e-01 1.553740e+00 -6.262333e-01 -5.833831e-01 1.865204e+00 -1.147027e+00 7.187064e-01 -7.290980e-02 -5.168053e-01
<Variance> 25
 3.491304e+00 2.745027e+00 1.918212e+01 3.912091e+01 1.714410e+01 1.143025e+01 1.027304e+01 8.860453e+00 3.225496e+00 1.290802e+01 8.114055e+00 2.321281e+00 1.632498e-01 8.816794e-01 6.490388e-01 6.538745e-01 7.618183e-01 8.230743e-01 1.571689e+00 2.072948e-01 4.596394e+00 1.874394e+00 1.465472e-01 5.111547e-01 4.429202e-01
<GConst> 6.564528e+01
<State> 4
<Mean> 25
 7.550615e+00 2.509180e+00 1.169833e+01 -8.732368e+00 -1.448499e+01 -3.229593e+00 -1.921338e-01 -2.713928e+00 -3.870946e-01 2.838208e+00 -1.202418e+00 -3.404259e+00 2.681997e-02 -1.039553e+00 -1.379048e+00 1.648455e-01 -1.486292e+00 2.530284e+00 2.152485e+00 1.347419e-01 2.083044e+00 -4.913463e-01 -4.984820e-01 -9.675303e-01 4.946197e-01
<Variance> 25
 3.234126e+00 1.409671e+01 8.414907e+00 2.703127e+01 2.606993e+01 3.788539e+01 3.052228e+01 1.413062e+01 6.730485e+01 1.760724e+01 1.473526e+01 1.054294e+01 2.544611e-01 1.796008e+00 3.156613e+00 3.124259e+00 3.273560e+00 5.291970e-01 4.896021e+00 2.593022e+00 6.693913e+00 1.157040e+00 1.358396e+00 4.903761e-01 1.464220e+00
<GConst> 8.689751e+01
<TransP> 5
 0.000000e+00 1.000000e+00 0.000000e+00 0.000000e+00 0.000000e+00
 0.000000e+00 6.321490e-01 3.678510e-01 0.000000e+00 0.000000e+00
 0.000000e+00 0.000000e+00 0.000000e+00 1.000000e+00 0.000000e+00
 0.000000e+00 0.000000e+00 0.000000e+00 6.000072e-01 3.999928e-01
 0.000000e+00 0.000000e+00 0.000000e+00 0.000000e+00 0.000000e+00
<EndHMM>
~h "N"
<BeginHMM>
<NumStates> 5
<State> 2
<Mean> 25
 9.235732e+00 8.062576e-01 -1.784017e+00 -4.804734e+00 -1.555214e+01 -8.751556e+00 -1.324869e+01 -1.037430e+01 -5.051502e+00 -1.258393e+01 -4.390450e+00 -4.118200e+00 1.090495e+00 1.102693e+00 -7.806683e-01 1.439809e+00 9.311243e-01 -8.050467e-01 -1.010802e-02 2.535824e-01 -6.482623e-01 -3.142280e-01 1.109338e+00 2.649325e-01 -1.260045e+00
<Variance> 25
 9.747460e+00 9.873269e+00 2.254098e+01 1.273439e+01 1.646717e+01 1.517428e+01 1.493587e+01 1.726262e+01 2.755345e+01 5.134588e+01 4.928796e+01 5.789775e+01 5.033631e-01 6.546588e-01 3.287074e+00 2.140566e+00 1.626522e+00 3.856343e+00 1.602338e+00 3.224842e+00 1.883593e+00 3.639838e+00 3.227992e+00 1.723000e+00 8.486953e-01
<GConst> 9.025423e+01
<State> 3
<Mean> 25
 1.190958e+01 4.262139e+00 -1.232826e+00 -3.535876e+00 -1.176546e+01 -7.027866e+00 -1.318117e+01 -1.138411e+01 -8.029580e+00 -1.026267e+01 -3.573177e+00 -2.516085e+00 6.082698e-01 2.042063e+00 1.036824e+00 1.636588e+00 3.422096e+00 8.513415e-01 2.315053e+00 -5.394506e-02 -1.531338e+00 7.918740e-02 -1.021668e+00 -7.288845e-01 -2.589352e+00
<Variance> 25
 1.029162e+01 1.349349e+01 2.332538e+01 1.644462e+01 2.123087e+01 1.358453e+01 1.541750e+01 2.781090e+01 2.702102e+01 4.587502e+01 5.461745e+01 7.119085e+01 1.223628e+00 1.012985e+00 2.595636e+00 2.270017e+00 3.520165e+00 2.565300e+00 3.164507e+00 3.727148e+00 2.577847e+00 2.322944e+00 1.552793e+00 3.932467e+00 2.626816e+00
<GConst> 9.516504e+01
<State> 4
<Mean> 25
 7.928002e+00 8.072194e+00 2.576581e+00 3.091542e+00 -8.653887e-01 -3.397302e+00 -4.188630e+00 -7.311838e+00 -7.950589e+00 -7.591904e+00 -3.602180e+00 -4.048465e+00 -2.529837e+00 3.086364e-01 8.137871e-01 1.557761e+00 3.488984e+00 1.830365e+00 3.025235e+00 2.076518e+00 1.498110e+00 1.135368e+00 -2.038485e-01 -3.905872e-01 -2.483343e+00
<Variance> 25
 5.111868e+01 1.567228e+01 2.695274e+01 3.999076e+01 6.683129e+01 2.432695e+01 3.487495e+01 2.688682e+01 3.521352e+01 4.613120e+01 4.529584e+01 3.727892e+01 4.357270e+00 3.474410e+00 4.309096e+00 4.499516e+00 3.330377e+00 2.656206e+00 2.927880e+00 3.612370e+00 4.090635e+00 4.704039e+00 3.492369e+00 5.103158e+00 7.993821e+00
<GConst> 1.068143e+02
<TransP> 5
 0.000000e+00 1.000000e+00 0.000000e+00 0.000000e+00 0.000000e+00
 0.000000e+00 6.307400e-01 3.692600e-01 0.000000e+00 0.000000e+00
 0.000000e+00 0.000000e+00 4.201621e-01 5.798379e-01 0.000000e+00
 0.000000e+00 0.000000e+00 0.000000e+00 4.548811e-01 5.451189e-01
 0.000000e+00 0.000000e+00 0.000000e+00 0.000000e+00 0.000000e+00
<EndHMM>
~h "O"
<BeginHMM>
<NumStates> 5
<State> 2
<Mean> 25
 9.353498e+00 7.231515e+00 -5.394237e+00 -1.346128e+01 -7.549623e+00 8.857483e-01 -5.359312e+00 1.853485e+00 -7.426859e-02 -1.648294e+00 1.733120e+00 2.794028e+00 2.883962e+00 5.521551e-01 -2.185484e+00 -5.223836e+00 -3.442037e+00 -4.882463e-01 -3.602910e+00 -1.156618e+00 -1.246884e+00 -2.126738e+00 -1.392019e+00 3.068897e-01 4.538002e+00
<Variance> 25
 7.094404e+01 2.628716e+01 3.406884e+01 1.226810e+02 8.778033e+01 3.986112e+01 6.502601e+01 4.082976e+01 2.562569e+01 3.651879e+01 2.929548e+01 2.260432e+01 6.040881e+00 3.109845e+00 3.038335e+00 8.229827e+00 5.110577e+00 4.057230e+00 4.470895e+00 3.753138e+00 3.221256e+00 5.184672e+00 3.912750e+00 3.484314e+00 6.822175e+00
<GConst> 1.105497e+02
<State> 3
<Mean> 25
 1.204268e+01 2.651703e+00 -1.019018e+01 -2.613954e+01 -1.195267e+01 1.759298e+00 -1.251611e+01 -3.986742e+00 -4.797626e+00 -7.259669e+00 -4.873209e+00 1.244203e+00 -4.949403e-01 -9.258893e-01 -4.686205e-02 3.097036e-01 5.981165e-01 -2.768479e-02 -1.974866e-01 -8.351196e-01 -2.371895e-01 1.315081e-01 -4.974102e-01 -1.982931e-01 5.813626e-01
<Variance> 25
 1.683010e+01 4.370721e+01 1.506272e+01 2.549988e+01 3.693753e+01 3.626917e+01 2.163679e+01 3.595731e+01 2.565462e+01 3.762763e+01 3.678611e+01 3.933318e+01 1.196202e+00 1.530182e+00 8.685304e-01 3.779211e+00 2.277314e+00 3.215463e+00 3.088934e+00 3.575483e+00 2.445259e+00 3.298079e+00 3.368017e+00 3.725605e+00 1.608787e+00
<GConst> 9.778358e+01
<State> 4
<Mean> 25
 7.479032e+00 2.716048e+00 -4.224195e+00 -8.784859e+00 -3.146616e+00 -1.710667e+00 -7.540577e+00 -5.516056e+00 -2.283392e+00 -3.555811e+00 -4.152262e+00 -4.012647e-01 -1.584308e+00 4.491266e-01 2.159941e+00 4.027400e+00 2.137170e+00 5.062477e-02 2.532727e+00 9.124372e-01 5.920614e-01 7.221866e-01 7.129062e-01 -6.874973e-01 -3.228060e+00
<Variance> 25
 2.983444e+01 4.520486e+01 6.167818e+01 1.068264e+02 6.749770e+01 6.984771e+01 1.260157e+02 7.629855e+01 4.880339e+01 5.542801e+01 6.780979e+01 4.910458e+01 4.231188e+00 4.471457e+00 3.751747e+00 6.951045e+00 6.693932e+00 9.091728e+00 7.447621e+00 5.509343e+00 4.983549e+00 5.192134e+00 6.518399e+00 3.962697e+00 1.137463e+01
<GConst> 1.185504e+02
<TransP> 5
 0.000000e+00 1.000000e+00 0.000000e+00 0.000000e+00 0.000000e+00
 0.000000e+00 6.284892e-01 3.715108e-01 0.000000e+00 0.000000e+00
 0.000000e+00 0.000000e+00 8.475261e-01 1.524739e-01 0.000000e+00
 0.000000e+00 0.000000e+00 0.000000e+00 7.693942e-01 2.306057e-01
 0.000000e+00 0.000000e+00 0.000000e+00 0.000000e+00 0.000000e+00
<EndHMM>
~h "R"
<BeginHMM>
<NumStates> 5
<State> 2
<Mean> 25
 -9.750841e-02 5.945250e-01 3.403762e+00 -6.933615e+00 -2.131249e+01 -6.783401e+00 -9.221736e+00 -1.234453e+01 -4.109772e+00 -1.905378e+00 -2.878272e+00 4.107459e+00 -6.267366e-01 4.901589e-01 -5.385054e-02 1.725602e+00 1.644639e+00 5.692790e-01 1.420249e+00 5.224464e-01 6.673841e-02 1.062397e-01 7.733242e-01 -8.508082e-02 -5.055285e-01
<Variance> 25
 4.367741e+01 4.898835e+01 4.411650e+01 4.793938e+01 5.006132e+01 1.149046e+01 2.974557e+01 6.975848e+01 4.511130e+01 3.323319e+01 7.354575e+01 3.931487e+01 2.514452e+00 2.256451e+00 4.086529e+00 3.431481e+00 1.338082e+01 2.236697e+00 3.176330e+00 8.687070e+00 5.508516e+00 2.761034e+00 6.244546e+00 3.458430e+00 3.004949e+00
<GConst> 1.085344e+02
<State> 3
<Mean> 25
 -9.756258e+00 2.601709e+00 -1.958341e-01 6.980658e+00 2.469388e+00 2.106013e+00 6.512570e+00 2.319830e+00 3.956831e+00 2.304085e+00 3.402780e+00 1.943063e+00 1.857931e-01 -4.147306e-01 5.270990e-01 2.004996e-01 3.952745e-01 6.001915e-02 4.607817e-01 4.653234e-01 3.338910e-01 2.926718e-02 -1.242155e-01 6.185813e-02 -8.934717e-02
<Variance> 25
 5.152026e+01 1.906824e+01 2.515850e+01 2.353259e+01 3.306643e+01 2.533451e+01 2.821425e+01 2.591224e+01 1.944717e+01 2.057598e+01 3.221065e+01 2.029726e+01 3.069145e+00 1.603768e+00 1.952670e+00 2.385303e+00 5.501808e+00 3.677712e+00 2.922779e+00 2.803540e+00 2.353553e+00 1.736173e+00 2.084626e+00 2.395661e+00 6.570257e-01
<GConst> 9.585924e+01
<State> 4
<Mean> 25
 4.748126e+00 -4.330112e+00 3.369215e+00 -2.091344e+00 -1.534788e+01 -6.725618e+00 -4.836637e+00 5.271241e-01 1.723495e+00 -4.272024e+00 1.209868e+00 6.418850e+00 1.045600e+00 -1.117514e+00 -1.374972e-01 -2.379045e+00 -2.357843e+00 -7.946572e-01 -1.901652e+00 -3.208523e-01 -1.113628e+00 -1.299309e+00 -4.541115e-01 -1.929901e-01 5.620733e-01
<Variance> 25
 2.517294e+01 4.099815e+01 2.669484e+01 4.049923e+01 9.819682e+01 2.098031e+01 6.503380e+01 4.550113e+01 2.458928e+01 3.827213e+01 5.178793e+01 5.439230e+01 5.359361e+00 1.832194e+00 2.700934e+00 4.117611e+00 1.727103e+01 3.835860e+00 5.953249e+00 6.462663e+00 2.566531e+00 4.664544e+00 3.496123e+00 5.591280e+00 4.075796e+00
<GConst> 1.096827e+02
<TransP> 5
 0.000000e+00 1.000000e+00 0.000000e+00 0.000000e+00 0.000000e+00
 0.000000e+00 7.968893e-01 2.031107e-01 0.000000e+00 0.000000e+00
 0.000000e+00 0.000000e+00 8.069506e-01 1.930494e-01 0.000000e+00
 0.000000e+00 0.000000e+00 0.000000e+00 6.727021e-01 3.272980e-01
 0.000000e+00 0.000000e+00 0.000000e+00 0.000000e+00 0.000000e+00
<EndHMM>
~h "S"
<BeginHMM>
<NumStates> 5
<State> 2
<Mean> 25
 -8.493798e+00 7.147855e+00 5.199005e+00 2.852416e+00 -9.739602e-02 -5.554418e-01 5.104600e-01 -2.683471e+00 1.706887e-01 -2.729538e+00 7.848551e-01 -5.569031e-01 -4.361720e+00 5.416952e-01 1.068809e+00 1.923549e+00 3.803428e+00 2.520769e+00 1.957982e+00 3.242970e+00 2.697754e+00 2.048224e+00 2.587898e+00 3.349423e-01 8.769120e-02
<Variance> 25
 4.931346e+01 2.078975e+01 3.789552e+01 5.055188e+01 9.984556e+01 5.376954e+01 4.485958e+01 8.024549e+01 3.934329e+01 4.002914e+01 3.472750e+01 2.032540e+01 4.769799e+00 6.267566e+00 8.884048e+00 4.045626e+00 8.166019e+00 4.387905e+00 3.831192e+00 5.358578e+00 2.227945e+00 2.293249e+00 3.956516e+00 4.239157e+00 7.626015e-01
<GConst> 1.088958e+02
<State> 3
<Mean> 25
 -8.584739e+00 4.825389e+00 5.043710e+00 5.648285e+00 6.367297e+00 3.802970e+00 4.794144e+00 3.659530e+00 4.877118e+00 2.339273e+00 4.246027e+00 1.818795e+00 2.873913e-02 -7.393104e-02 -1.159529e-02 1.100443e-02 -1.141638e-03 -7.989404e-02 2.267813e-02 3.360539e-02 1.215109e-01 1.283595e-03 -1.265538e-02 5.438720e-02 -9.544620e-02
<Variance> 25
 6.503643e+01 2.386461e+01 3.421323e+01 2.534058e+01 2.523510e+01 2.048292e+01 2.540761e+01 1.935040e+01 2.269722e+01 2.466655e+01 1.851406e+01 1.644367e+01 9.275039e-01 8.053194e-01 1.058601e+00 1.072664e+00 1.265276e+00 1.368834e+00 1.475576e+00 1.675696e+00 1.798427e+00 1.623788e+00 1.519787e+00 1.560135e+00 6.153382e-01
<GConst> 8.729032e+01
<State> 4
<Mean> 25
 -7.338896e+00 2.302049e+00 2.948895e+00 5.139981e+00 7.498518e+00 9.266497e-01 3.109169e+00 3.344827e+00 6.275990e+00 7.900716e-01 2.671449e+00 1.693784e+00 3.004708e+00 -4.212991e-01 -4.621477e-01 -6.879694e-01 -4.761617e-01 -5.985616e-01 -1.089543e+00 -1.001322e+00 -9.245448e-01 -6.294008e-01 -9.111291e-01 -7.347065e-01 -1.893657e+00
<Variance> 25
 4.854456e+01 2.532655e+01 3.924647e+01 2.929531e+01 7.895484e+01 5.051194e+01 5.545638e+01 4.534683e+01 3.390069e+01 5.990966e+01 2.983185e+01 2.373306e+01 7.933309e+00 3.531601e+00 3.727757e+00 2.518065e+00 9.897027e+00 6.241806e+00 5.529542e+00 6.275032e+00 4.006946e+00 5.971098e+00 3.038697e+00 2.069285e+00 4.355240e+00
<GConst> 1.101356e+02
<TransP> 5
 0.000000e+00 1.000000e+00 0.000000e+00 0.000000e+00 0.000000e+00
 0.000000e+00 6.747369e-01 3.252631e-01 0.000000e+00 0.000000e+00
 0.000000e+00 0.000000e+00 9.536567e-01 4.634332e-02 0.000000e+00
 0.000000e+00 0.000000e+00 0.000000e+00 7.241205e-01 2.758794e-01
 0.000000e+00 0.000000e+00 0.000000e+00 0.000000e+00 0.000000e+00
<EndHMM>
~h "U"
<BeginHMM>
<NumStates> 5
<State> 2
<Mean> 25
 1.320020e+01 1.716467e+00 -1.019042e+01 -1.394433e+01 -7.950191e+00 4.446856e+00 -1.193747e+01 -4.823128e+00 -1.162756e+00 -4.312212e+00 -4.195732e-01 -3.412019e-01 7.259974e-01 9.003329e-01 -2.649745e-01 -5.112464e-01 -7.985641e-01 -2.428723e-01 -1.435603e-01 5.161186e-01 3.536595e-01 -1.688034e-01 9.454728e-02 -2.982651e-01 -1.340625e+00
<Variance> 25
 2.927053e+01 6.184022e+01 2.840023e+01 6.491950e+01 3.539391e+01 7.257331e+01 9.474454e+01 4.249121e+01 5.470362e+01 5.866947e+01 5.423992e+01 4.680999e+01 2.171732e+00 4.402669e+00 2.667289e+00 4.890845e+00 3.155138e+00 4.592243e+00 5.234745e+00 3.634162e+00 4.523544e+00 4.178168e+00 3.670015e+00 4.307058e+00 1.884526e+00
<GConst> 1.098111e+02
<State> 3
<Mean> 25
 1.149339e+01 8.321252e+00 -4.473950e+00 -5.488572e+00 -3.933572e+00 -1.241053e-01 -5.227813e+00 -2.027477e+00 -2.586480e+00 -6.458580e+00 -2.845938e+00 -4.921517e+00 -1.566294e+00 5.449554e-01 2.021259e+00 2.750850e+00 1.641518e+00 -4.112425e-01 1.712522e+00 1.006567e+00 -8.968334e-01 -2.944755e-01 -4.436772e-01 -1.073729e+00 -2.764198e+00
<Variance> 25
 2.730585e+01 4.399015e+01 3.581981e+01 6.413164e+01 3.913094e+01 4.897099e+01 8.984308e+01 6.163411e+01 4.897217e+01 4.430334e+01 3.311203e+01 3.585861e+01 3.175611e+00 2.978571e+00 2.504201e+00 3.166175e+00 4.033381e+00 6.311783e+00 8.101829e+00 4.439390e+00 5.126282e+00 4.399768e+00 4.410215e+00 2.741763e+00 4.204823e+00
<GConst> 1.098984e+02
<State> 4
<Mean> 25
 1.767393e+00 3.004932e+00 9.275426e-01 4.327064e+00 5.923098e+00 3.406547e+00 3.474128e+00 3.947148e+00 -2.181434e+00 -3.837255e+00 9.092701e-01 -3.335323e+00 -1.060662e+00 -7.656307e-01 5.909083e-01 8.911206e-01 1.048501e+00 3.828768e-01 9.223927e-01 6.543512e-01 5.868379e-01 7.865102e-01 5.606372e-01 7.209793e-01 -9.259276e-01
<Variance> 25
 1.833024e+01 2.735365e+01 2.602322e+01 3.072612e+01 3.776058e+01 3.487944e+01 6.226414e+01 3.583856e+01 4.212193e+01 4.550914e+01 2.679994e+01 3.376796e+01 2.676961e+00 2.800285e+00 1.952259e+00 3.057947e+00 3.045575e+00 3.067974e+00 4.129391e+00 3.286650e+00 4.160303e+00 4.527513e+00 2.817218e+00 3.105007e+00 1.831588e+00
<GConst> 1.024620e+02
<TransP> 5
 0.000000e+00 1.000000e+00 0.000000e+00 0.000000e+00 0.000000e+00
 0.000000e+00 6.892136e-01 3.107865e-01 0.000000e+00 0.000000e+00
 0.000000e+00 0.000000e+00 6.633310e-01 3.366690e-01 0.000000e+00
 0.000000e+00 0.000000e+00 0.000000e+00 8.041131e-01 1.958869e-01
 0.000000e+00 0.000000e+00 0.000000e+00 0.000000e+00 0.000000e+00
<EndHMM>
~h "Z"
<BeginHMM>
<NumStates> 5
<State> 2
<Mean> 25
 -6.543967e+00 5.607797e+00 3.951398e+00 -5.409689e+00 -3.255938e+00 -1.134263e+01 -9.828397e+00 -5.003738e+00 -1.950818e+00 -1.123769e+01 -3.595171e+00 -4.947011e+00 -3.754168e+00 1.887994e+00 2.616623e+00 1.039681e+00 2.528610e+00 1.647320e+00 1.439235e+00 1.397205e+00 8.826510e-01 7.052976e-01 1.281922e+00 -5.304286e-01 -2.516029e-01
<Variance> 25
 5.070842e+01 3.191343e+01 3.624673e+01 4.977501e+01 3.318127e+01 3.620598e+01 2.423916e+01 3.096242e+01 2.708261e+01 2.046456e+01 3.510751e+01 2.735600e+01 2.302278e+00 5.324072e+00 3.151974e+00 2.128596e+00 2.189699e+00 4.520860e+00 3.131349e+00 3.547324e+00 1.722250e+00 1.463415e+00 3.518698e+00 2.779291e+00 1.011647e+00
<GConst> 1.000568e+02
<State> 3
<Mean> 25
 -1.638898e+01 5.442702e+00 1.098667e+01 6.692309e-01 3.891504e+00 -4.657084e+00 -1.554928e+00 -2.687002e-01 5.455419e-01 -7.388905e+00 3.554508e+00 -3.164937e+00 -1.375223e-01 -1.341459e-01 3.136804e-01 -1.731187e-01 6.572725e-02 2.457248e-01 1.004442e+00 8.027664e-01 -9.774619e-02 5.419090e-02 7.423384e-01 3.698875e-01 2.696362e-01
<Variance> 25
 2.811746e+01 3.041733e+01 1.965655e+01 3.701847e+01 2.503385e+01 3.760720e+01 5.372468e+01 3.164234e+01 4.185111e+01 3.190018e+01 4.378968e+01 2.875722e+01 1.429484e+00 9.664706e-01 1.163160e+00 1.192950e+00 1.511836e+00 1.740962e+00 1.635609e+00 1.343589e+00 1.232205e+00 1.964441e+00 2.288283e+00 1.376777e+00 3.856260e-01
<GConst> 9.139352e+01
<State> 4
<Mean> 25
 -7.596252e+00 5.911257e+00 8.266386e+00 -4.919269e+00 -2.279992e+00 -8.300287e+00 -3.670500e+00 -1.293400e+00 -2.360862e+00 -9.257452e+00 3.605424e-01 -4.251328e+00 3.925918e+00 -1.352903e+00 -1.418540e+00 -1.388387e+00 -3.222471e+00 -1.569945e+00 -1.103372e+00 -1.065003e+00 -6.739656e-01 -4.383796e-01 -1.786647e+00 -4.844012e-01 7.270509e-01
<Variance> 25
 6.420689e+01 2.283484e+01 4.979399e+01 4.075050e+01 4.134216e+01 3.910988e+01 3.621695e+01 3.084296e+01 3.323564e+01 3.529852e+01 2.469322e+01 2.206601e+01 4.761951e+00 6.347346e+00 3.108225e+00 2.003684e+00 2.844051e+00 3.040507e+00 1.972559e+00 4.100257e+00 2.465107e+00 2.215885e+00 2.913279e+00 3.417701e+00 3.683907e+00
<GConst> 1.034129e+02
<TransP> 5
 0.000000e+00 1.000000e+00 0.000000e+00 0.000000e+00 0.000000e+00
 0.000000e+00 7.582955e-01 2.417045e-01 0.000000e+00 0.000000e+00
 0.000000e+00 0.000000e+00 6.808946e-01 3.191054e-01 0.000000e+00
 0.000000e+00 0.000000e+00 0.000000e+00 7.320216e-01 2.679785e-01
 0.000000e+00 0.000000e+00 0.000000e+00 0.000000e+00 0.000000e+00
<EndHMM>
~h "a"
<BeginHMM>
<NumStates> 5
<State> 2
<Mean> 25
 6.048254e+00 -1.070819e+01 -9.783982e+00 -3.122297e+00 -5.087773e+00 -4.826942e+00 -5.170515e+00 -2.870536e+00 -3.209808e+00 -3.600280e+00 -8.414927e+00 7.420844e-01 5.229798e-01 -2.673936e+00 -1.703899e+00 -8.293505e-01 -4.790083e-01 -4.785384e-01 -1.085247e+00 -4.839154e-01 -1.483310e+00 -7.278149e-01 -1.579536e+00 -5.321643e-01 2.715632e+00
<Variance> 25
 2.883647e+01 5.611064e+01 4.228613e+01 4.837769e+01 9.023003e+01 4.434962e+01 6.071796e+01 3.349531e+01 5.306783e+01 5.824303e+01 4.429514e+01 3.657885e+01 3.213198e+00 4.047817e+00 3.613195e+00 4.128165e+00 5.546272e+00 3.780385e+00 3.681398e+00 3.265409e+00 4.917172e+00 3.461971e+00 4.046293e+00 3.630511e+00 8.524495e+00
<GConst> 1.107602e+02
<State> 3
<Mean> 25
 6.211671e+00 -1.683402e+01 -1.391867e+01 -2.932139e+00 -3.037844e+00 -3.488209e+00 -6.522970e+00 -4.453390e+00 -8.125540e+00 -5.901058e+00 -8.949059e+00 -2.332438e+00 1.216092e-01 3.362693e-01 -6.123430e-02 2.203407e-02 1.616954e-01 6.217044e-02 7.602265e-02 2.778075e-02 2.596493e-02 1.974352e-01 1.708306e-01 -2.859520e-02 -3.951062e-01
<Variance> 25
 1.583850e+01 3.407405e+01 1.801719e+01 4.822121e+01 4.352972e+01 2.413690e+01 4.876808e+01 2.495102e+01 3.799570e+01 3.135363e+01 3.365379e+01 3.040301e+01 7.110678e-01 2.070051e+00 1.190398e+00 1.487360e+00 3.765883e+00 1.628706e+00 2.006301e+00 1.392947e+00 2.044980e+00 2.049274e+00 2.223038e+00 1.843862e+00 8.347676e-01
<GConst> 9.354205e+01
<State> 4
<Mean> 25
 5.154301e+00 -3.981913e+00 -5.613463e+00 7.105396e-01 -3.498797e-01 -4.732674e-01 -1.039711e+00 -8.750112e-01 -1.731984e+00 -2.658254e+00 -5.170064e+00 -6.228318e-01 -9.820227e-01 2.443905e+00 2.291862e+00 9.651073e-01 1.139673e+00 6.080027e-01 7.617228e-01 4.155774e-01 9.997464e-01 5.164976e-01 1.238822e+00 -1.093358e-03 -3.345248e+00
<Variance> 25
 5.100206e+01 6.655079e+01 6.473855e+01 6.309874e+01 9.960903e+01 6.024397e+01 6.593394e+01 4.726456e+01 5.039718e+01 4.262883e+01 5.913627e+01 3.874033e+01 4.703037e+00 6.119079e+00 5.131253e+00 3.879294e+00 6.112917e+00 4.362948e+00 5.369107e+00 4.484996e+00 4.960418e+00 3.900144e+00 4.513227e+00 3.254938e+00 9.204006e+00
<GConst> 1.152300e+02
<TransP> 5
 0.000000e+00 1.000000e+00 0.000000e+00 0.000000e+00 0.000000e+00
 0.000000e+00 6.194168e-01 3.805832e-01 0.000000e+00 0.000000e+00
 0.000000e+00 0.000000e+00 8.254243e-01 1.745757e-01 0.000000e+00
 0.000000e+00 0.000000e+00 0.000000e+00 7.773324e-01 2.226676e-01
 0.000000e+00 0.000000e+00 0.000000e+00 0.000000e+00 0.000000e+00
<EndHMM>
~h "b"
<BeginHMM>
<NumStates> 5
<State> 2
<Mean> 25
 1.315956e+01 9.671656e+00 3.706353e+00 2.421115e+00 2.029194e+00 -4.055351e+00 -7.407406e+00 -1.034750e+01 -9.145026e+00 -7.222064e+00 -5.460902e+00 -5.842934e+00 3.009043e-01 1.779432e+00 8.347433e-01 3.981740e-01 5.634285e-01 -6.078058e-01 -9.637993e-01 -1.533009e+00 -1.805913e+00 -1.053063e+00 -1.954426e-01 -6.099647e-01 -1.573811e+00
<Variance> 25
 3.358238e+01 2.933119e+01 1.704322e+01 2.183170e+01 4.203212e+01 4.616548e+01 3.489199e+01 3.167569e+01 4.025296e+01 3.314506e+01 2.742540e+01 2.804554e+01 2.361891e+00 4.328007e+00 2.201083e+00 3.205006e+00 3.566341e+00 2.676551e+00 4.454533e+00 3.971435e+00 3.392692e+00 2.801673e+00 2.450544e+00 2.093632e+00 8.705785e+00
<GConst> 1.026369e+02
<State> 3
<Mean> 25
 1.209371e+01 7.985118e+00 3.354751e+00 1.912182e+00 -4.673657e-02 -6.131518e+00 -7.987885e+00 -1.073104e+01 -8.310652e+00 -7.806377e+00 -5.957131e+00 -6.010264e+00 -1.486406e+00 -2.207711e+00 -3.172262e-01 -7.632561e-01 -1.127672e+00 8.198351e-01 1.543049e+00 2.288315e+00 3.181737e+00 2.221538e+00 1.554531e+00 1.828524e+00 5.361872e+00
<Variance> 25
 1.895468e+01 3.090893e+01 1.242731e+01 2.073988e+01 2.775298e+01 5.416805e+01 5.765851e+01 3.316707e+01 6.383875e+01 3.439799e+01 3.162265e+01 5.683159e+01 1.046696e+00 3.885050e+00 3.233039e+00 4.639947e+00 4.562320e+00 4.194628e+00 4.236794e+00 4.079750e+00 6.239221e+00 2.529929e+00 4.715651e+00 3.472178e+00 4.269844e+00
<GConst> 1.048505e+02
<State> 4
<Mean> 25
 7.953088e+00 9.907321e-01 3.291028e+00 -1.739269e+00 -8.496447e+00 -5.337477e+00 -5.421863e+00 -3.720261e+00 9.920393e-01 1.620587e+00 4.414033e+00 4.697585e+00 -1.180194e+00 -1.914001e+00 -6.826358e-02 -2.967628e+00 -3.829065e+00 1.048564e+00 -2.854235e-01 7.763492e-01 -4.896179e-02 1.146614e+00 1.553568e+00 1.206627e+00 5.061172e+00
<Variance> 25
 1.466427e+01 2.233971e+01 3.559492e+01 2.313632e+01 6.420950e+01 5.224646e+01 5.008111e+01 1.759724e+01 2.181693e+01 2.164246e+01 6.572334e+01 5.085072e+01 1.206405e+00 3.473895e+00 6.544767e+00 6.022121e+00 6.328434e+00 5.403604e+00 1.047854e+01 5.129840e+00 6.038750e+00 4.579357e+00 5.581442e+00 5.028542e+00 5.798249e+00
<GConst> 1.086589e+02
<TransP> 5
 0.000000e+00 1.000000e+00 0.000000e+00 0.000000e+00 0.000000e+00
 0.000000e+00 7.554232e-01 2.445767e-01 0.000000e+00 0.000000e+00
 0.000000e+00 0.000000e+00 5.749224e-01 4.250776e-01 0.000000e+00
 0.000000e+00 0.000000e+00 0.000000e+00 4.689682e-01 5.310317e-01
 0.000000e+00 0.000000e+00 0.000000e+00 0.000000e+00 0.000000e+00
<EndHMM>
~h "d"
<BeginHMM>
<NumStates> 5
<State> 2
<Mean> 25
 1.333103e+01 1.243249e+01 5.110138e+00 2.279278e+00 1.506030e+00 -4.242822e+00 -7.439609e+00 -9.642009e+00 -7.512647e+00 -5.523593e+00 -6.063181e+00 -8.738012e+00 -1.880732e+00 -1.264020e+00 1.371280e+00 -1.615456e+00 1.504807e+00 -3.935140e-01 3.980684e-01 1.760655e+00 1.781928e+00 6.517941e-01 1.591167e+00 8.383335e-01 1.787201e+00
<Variance> 25
 8.399633e+00 1.265703e+01 2.144225e+01 1.435004e+01 2.331832e+01 2.256150e+01 2.056327e+01 1.866556e+01 2.215245e+01 2.138565e+01 1.687605e+01 1.560061e+01 9.752051e-01 4.577663e+00 2.866130e+00 2.692257e+00 3.591507e+00 2.445055e+00 3.927171e+00 2.283553e+00 2.836893e+00 2.268286e+00 1.981771e+00 2.316354e+00 9.423573e+00
<GConst> 9.382664e+01
<State> 3
<Mean> 25
 6.285411e+00 3.218060e-01 7.176563e+00 -4.995910e+00 1.892880e+00 -6.830229e+00 -9.582318e+00 -3.731100e+00 -3.430335e-01 -3.676327e+00 -1.181294e+00 -3.199018e+00 -8.561509e-01 -2.650280e+00 -2.552012e+00 -3.833628e+00 -1.531781e+00 -9.816489e-01 -2.641098e+00 6.089824e-01 2.860309e+00 1.683108e+00 1.294578e+00 2.804385e+00 5.940921e+00
<Variance> 25
 9.753153e+00 1.302616e+01 2.930010e+01 2.843714e+01 2.453821e+01 3.463799e+01 3.686301e+01 2.151520e+01 2.518616e+01 2.154443e+01 1.795902e+01 2.327746e+01 1.259718e+00 1.416865e+00 2.349689e+00 1.480788e+00 2.354006e+00 1.923752e+00 3.676918e+00 4.504436e+00 3.080586e+00 2.551679e+00 1.948982e+00 1.394919e+00 1.319710e+00
<GConst> 9.275306e+01
<State> 4
<Mean> 25
 1.019010e+01 2.627901e+00 -3.801674e+00 -1.160168e+01 -3.878590e+00 -7.186957e+00 -1.740657e+01 -8.298794e+00 2.112993e+00 3.722878e-01 -8.175600e-01 1.626251e+00 1.100917e+00 5.084307e-01 -4.126572e+00 -2.954745e+00 -2.594500e+00 1.529825e+00 -1.301916e+00 -8.653740e-01 4.590448e-01 2.079714e+00 1.204129e+00 2.034184e+00 1.052739e+00
<Variance> 25
 1.008181e+01 1.460826e+01 1.623911e+01 1.825222e+01 1.811145e+01 2.027199e+01 2.718778e+01 3.140877e+01 2.019306e+01 1.562406e+01 1.910387e+01 2.059332e+01 1.386827e+00 4.963004e+00 2.108546e+00 2.536662e+00 1.714151e+00 2.899350e+00 5.037836e+00 4.978206e+00 4.736345e+00 2.643662e+00 3.457739e+00 3.859772e+00 8.361525e+00
<GConst> 9.668923e+01
<TransP> 5
 0.000000e+00 1.000000e+00 0.000000e+00 0.000000e+00 0.000000e+00
 0.000000e+00 4.975387e-01 5.024614e-01 0.000000e+00 0.000000e+00
 0.000000e+00 0.000000e+00 3.666992e-01 6.333008e-01 0.000000e+00
 0.000000e+00 0.000000e+00 0.000000e+00 4.356968e-01 5.643032e-01
 0.000000e+00 0.000000e+00 0.000000e+00 0.000000e+00 0.000000e+00
<EndHMM>
~h "e"
<BeginHMM>
<NumStates> 5
<State> 2
<Mean> 25
 -2.169561e+00 -3.696723e+00 3.733601e+00 -1.638980e+01 -2.665096e+01 -7.153467e+00 -6.321427e+00 -9.679149e+00 -3.508434e+00 2.131184e+00 -8.898046e+00 -1.154578e+00 -7.144014e-01 -2.312838e-01 -8.005113e-02 2.644111e-01 -2.402715e-01 1.322839e-01 -1.549712e-01 -7.991951e-01 -1.182059e+00 -7.395762e-01 -5.781348e-01 2.423542e-01 4.078512e-01
<Variance> 25
 1.504941e+01 1.150919e+01 1.353692e+01 2.233613e+01 1.101336e+01 1.383031e+01 2.732845e+01 2.726149e+01 3.139799e+01 2.792169e+01 3.249924e+01 3.391829e+01 1.485595e+00 1.349897e+00 8.782654e-01 2.252399e+00 1.576906e+00 1.810094e+00 1.339065e+00 1.212852e+00 2.279913e+00 2.082727e+00 2.162467e+00 2.888472e+00 2.007353e+00
<GConst> 8.923216e+01
<State> 3
<Mean> 25
 -1.413502e+00 -8.272008e-01 4.529190e+00 -1.046527e+01 -2.600983e+01 -5.395202e+00 -8.548346e+00 -1.496763e+01 -8.645077e+00 -8.213112e-01 -8.838922e+00 1.052806e+00 4.224169e-01 1.836067e+00 3.683879e-01 2.255775e+00 2.211754e+00 -3.558472e-01 4.567325e-02 1.815635e-01 -4.331526e-01 -6.230069e-01 1.137651e+00 -5.511648e-01 -1.127575e+00
<Variance> 25
 1.151764e+01 2.443711e+01 1.231042e+01 3.758599e+01 1.023226e+01 1.750676e+01 1.516041e+01 2.175156e+01 2.123539e+01 2.552632e+01 3.481773e+01 4.761570e+01 8.949510e-01 1.584843e+00 1.625918e+00 2.025891e+00 2.395827e+00 3.194154e+00 2.964859e+00 1.737324e+00 3.815335e+00 2.236078e+00 1.887042e+00 3.154878e+00 4.335440e-01
<GConst> 9.072692e+01
<State> 4
<Mean> 25
 5.857367e-03 4.126920e+00 5.574646e+00 -4.318177e+00 -1.931844e+01 -7.020175e+00 -5.478031e+00 -1.380338e+01 -7.816947e+00 -1.260492e+00 -4.820292e+00 -1.594036e+00 -8.261051e-01 2.078800e+00 3.476122e-01 2.767329e+00 5.295346e+00 -4.568970e-02 1.151262e+00 2.145416e+00 6.863551e-01 -5.675025e-01 2.078848e+00 -7.469851e-01 -1.301738e+00
<Variance> 25
 8.222507e+00 4.437504e+01 1.418060e+01 5.198720e+01 2.763953e+01 1.919910e+01 1.469382e+01 3.511525e+01 2.776464e+01 2.409295e+01 2.635204e+01 2.870698e+01 2.991208e+00 1.230076e+00 1.671705e+00 3.689535e+00 3.860504e+00 5.006855e+00 9.450459e+00 3.238317e+00 4.702058e+00 4.692286e+00 2.782798e+00 3.401795e+00 4.139248e+00
<GConst> 1.003709e+02
<TransP> 5
 0.000000e+00 1.000000e+00 0.000000e+00 0.000000e+00 0.000000e+00
 0.000000e+00 7.269125e-01 2.730875e-01 0.000000e+00 0.000000e+00
 0.000000e+00 0.000000e+00 2.695558e-01 7.304442e-01 0.000000e+00
 0.000000e+00 0.000000e+00 0.000000e+00 2.342980e-01 7.657020e-01
 0.000000e+00 0.000000e+00 0.000000e+00 0.000000e+00 0.000000e+00
<EndHMM>
~h "f"
<BeginHMM>
<NumStates> 5
<State> 2
<Mean> 25
 -1.094772e+01 -1.598802e+00 -1.174018e+00 4.834010e+00 4.939594e+00 1.474798e+00 6.012976e+00 1.534972e+00 5.638337e+00 2.598361e+00 3.217844e+00 1.747733e+00 -1.323759e-01 -2.288740e-01 -2.682959e-01 9.275666e-02 2.936429e-02 6.360222e-02 7.126320e-02 1.122647e-01 9.976082e-02 1.890620e-01 2.458936e-01 1.491208e-01 -4.816340e-02
<Variance> 25
 6.392192e+00 6.594368e+00 1.840405e+01 1.097453e+01 1.315980e+01 1.532771e+01 1.447879e+01 1.473781e+01 1.397806e+01 1.374322e+01 1.275971e+01 1.136393e+01 3.329185e+00 7.590327e-01 1.337115e+00 1.347593e+00 1.523305e+00 1.843995e+00 2.146713e+00 1.813859e+00 1.997007e+00 1.728838e+00 1.810328e+00 1.618406e+00 4.689333e-01
<GConst> 8.136589e+01
<State> 3
<Mean> 25
 -4.780488e+00 -1.130008e+00 -1.531466e-01 5.900912e+00 5.519367e+00 3.085999e+00 4.850254e+00 1.667273e+00 4.290971e+00 2.707279e+00 4.089586e+00 1.880631e+00 4.278252e+00 4.858768e-01 -1.090567e+00 -2.513360e+00 -3.049613e+00 -1.191756e+00 -2.922214e+00 -2.296041e+00 -2.032753e+00 -1.403769e+00 -1.447548e+00 -1.971577e-01 9.030201e-01
<Variance> 25
 1.272304e+01 1.218967e+01 2.127591e+01 9.288210e+00 8.400467e+00 1.982348e+01 1.735275e+01 1.565779e+01 1.613181e+01 1.716999e+01 1.474292e+01 1.540995e+01 4.436228e+00 3.580346e+00 4.826310e+00 2.487396e+00 4.244008e+00 1.709570e+00 2.377769e+00 1.846369e+00 3.401990e+00 3.278544e+00 3.844308e+00 3.492836e+00 6.413914e+00
<GConst> 9.362612e+01
<State> 4
<Mean> 25
 5.635904e+00 1.616980e+00 -1.176122e+00 -6.034568e+00 -9.950772e+00 -2.997861e+00 -6.591803e+00 -6.732750e+00 -2.160254e-01 -4.814550e-01 -1.532151e+00 1.178037e+00 3.044270e+00 -2.964189e-01 -1.241152e+00 -4.101501e+00 -4.797546e+00 -1.884693e+00 -3.678979e+00 -2.454755e+00 -2.263097e+00 -1.783477e+00 -2.843406e+00 -6.018353e-01 2.931247e+00
<Variance> 25
 4.246002e+01 2.946115e+01 6.373549e+01 3.887125e+01 7.858265e+01 3.482198e+01 4.060672e+01 2.212582e+01 4.815918e+01 4.608730e+01 4.576368e+01 3.062400e+01 5.675850e+00 7.215868e+00 6.164657e+00 4.571020e+00 4.601199e+00 3.333206e+00 3.220668e+00 4.574014e+00 5.132843e+00 3.378050e+00 3.530624e+00 4.548730e+00 1.160971e+01
<GConst> 1.111114e+02
<TransP> 5
 0.000000e+00 1.000000e+00 0.000000e+00 0.000000e+00 0.000000e+00
 0.000000e+00 8.779840e-01 1.220160e-01 0.000000e+00 0.000000e+00
 0.000000e+00 0.000000e+00 4.320920e-01 5.679080e-01 0.000000e+00
 0.000000e+00 0.000000e+00 0.000000e+00 4.736421e-01 5.263579e-01
 0.000000e+00 0.000000e+00 0.000000e+00 0.000000e+00 0.000000e+00
<EndHMM>
~h "g"
<BeginHMM>
<NumStates> 5
<State> 2
<Mean> 25
 1.041933e+01 5.285034e+00 -7.378470e-01 -4.608423e+00 -5.901748e+00 -6.079103e+00 -8.010359e+00 -1.507368e+01 -1.405842e+01 -1.074373e+01 -9.002918e+00 -5.500559e+00 9.704304e-01 2.164875e+00 5.871104e-01 1.984046e+00 2.038298e+00 -8.483623e-01 -3.013795e-01 -2.811497e-01 -3.197398e-01 -9.012764e-01 1.003010e-01 -2.193766e+00 -2.989410e+00
<Variance> 25
 1.796692e+01 5.186352e+01 5.369567e+01 3.066364e+01 5.674505e+01 4.722422e+01 2.528282e+01 3.238120e+01 4.367992e+01 3.538365e+01 3.927789e+01 5.145859e+01 2.801535e+00 4.528269e+00 4.279131e+00 5.108618e+00 6.124775e+00 4.519924e+00 4.492465e+00 4.306834e+00 5.257378e+00 6.174081e+00 2.968099e+00 4.378515e+00 8.869931e+00
<GConst> 1.098821e+02
<State> 3
<Mean> 25
 8.941151e+00 4.909944e+00 -9.642541e-01 -6.955861e-01 -3.782911e+00 -1.012806e+01 -7.217126e+00 -8.926867e+00 -9.230357e+00 -7.780037e+00 -6.936110e+00 -5.254546e+00 -9.303528e-01 -2.024965e+00 -1.266146e+00 -8.944918e-01 -1.158769e+00 -4.303978e-01 2.714236e-01 2.224002e+00 2.549527e+00 1.943550e+00 7.844951e-01 2.553294e+00 4.287411e+00
<Variance> 25
 1.737386e+01 5.098520e+01 4.381181e+01 6.197085e+01 6.173355e+01 2.868297e+01 5.418586e+01 3.662729e+01 3.651979e+01 3.266772e+01 3.321188e+01 4.195046e+01 1.238075e+00 3.205810e+00 2.075047e+00 5.879957e+00 7.572328e+00 3.927825e+00 5.988849e+00 4.406953e+00 3.742672e+00 3.121991e+00 5.058283e+00 2.795959e+00 3.264842e+00
<GConst> 1.068724e+02
<State> 4
<Mean> 25
 8.045008e+00 -4.264904e+00 -5.553532e+00 -1.031366e+01 -1.245259e+01 -1.046968e+01 -1.112481e+01 -6.828539e-01 -1.036991e+00 -5.184805e+00 -1.011883e+01 3.066622e-01 7.921899e-02 -1.687886e+00 -1.251643e+00 -2.147812e+00 -1.805676e-01 1.145032e+00 -1.945382e-01 7.807549e-01 4.332142e-01 -1.808642e-01 -1.618044e+00 5.690027e-02 2.111739e+00
<Variance> 25
 1.082819e+01 4.886804e+01 1.662685e+01 2.808914e+01 5.692334e+01 2.735926e+01 5.630969e+01 3.116321e+01 2.956348e+01 2.308062e+01 3.883286e+01 2.630340e+01 5.098225e-01 1.614710e+00 1.675276e+00 3.592556e+00 1.033725e+01 2.060648e+00 3.564022e+00 3.074659e+00 3.539826e+00 2.297113e+00 4.264965e+00 4.448663e+00 3.439996e+00
<GConst> 9.996737e+01
<TransP> 5
 0.000000e+00 1.000000e+00 0.000000e+00 0.000000e+00 0.000000e+00
 0.000000e+00 6.690984e-01 3.309016e-01 0.000000e+00 0.000000e+00
 0.000000e+00 0.000000e+00 6.476667e-01 3.523333e-01 0.000000e+00
 0.000000e+00 0.000000e+00 0.000000e+00 6.513249e-01 3.486751e-01
 0.000000e+00 0.000000e+00 0.000000e+00 0.000000e+00 0.000000e+00
<EndHMM>
~h "i"
<BeginHMM>
<NumStates> 5
<State> 2
<Mean> 25
 7.089353e-01 1.691102e+00 1.122181e+01 -8.728333e+00 -1.816257e+01 -6.831754e+00 -9.228602e+00 -1.351864e+01 -8.902211e+00 -3.061018e+00 -5.379303e+00 -1.609073e+00 1.083494e-01 -7.583013e-01 5.228920e-01 -2.621939e+00 -3.186449e+00 6.900723e-01 -1.819300e+00 -2.500431e+00 -1.354183e+00 -2.748484e-01 -2.097502e+00 2.040497e-01 5.874445e-01
<Variance> 25
 1.006757e+01 2.269639e+01 2.481403e+01 1.844730e+01 3.806652e+01 1.942161e+01 1.994861e+01 2.095201e+01 2.342703e+01 2.291240e+01 7.116760e+01 6.398817e+01 4.421170e+00 2.615174e+00 2.702314e+00 3.568746e+00 3.688225e+00 4.470192e+00 6.759854e+00 4.297088e+00 7.138204e+00 3.433484e+00 3.414688e+00 2.506948e+00 1.082881e+00
<GConst> 1.011666e+02
<State> 3
<Mean> 25
 4.985707e-02 3.094312e+00 1.204108e+01 -1.284909e+01 -1.974800e+01 -4.080596e+00 -1.309352e+01 -1.688290e+01 -8.466633e+00 -3.532570e+00 -1.073391e+01 -3.191871e+00 8.442813e-02 1.142461e-01 -5.748528e-01 2.585983e-01 -7.494242e-02 2.939557e-02 -1.776213e-01 -2.222731e-01 2.309925e-01 -4.856189e-01 -7.209022e-02 2.415432e-01 -4.409053e-01
<Variance> 25
 7.500736e+00 2.428674e+01 1.933896e+01 2.226892e+01 3.010323e+01 2.551345e+01 2.038969e+01 2.373343e+01 3.128819e+01 3.355222e+01 3.456431e+01 4.386007e+01 5.918096e-01 1.458361e+00 1.487288e+00 2.563135e+00 1.880976e+00 1.869837e+00 2.187747e+00 2.292757e+00 1.601990e+00 2.451713e+00 1.840055e+00 2.323657e+00 3.050446e-01
<GConst> 9.001797e+01
<State> 4
<Mean> 25
 2.232246e+00 3.629960e+00 5.966083e+00 -4.690436e+00 -1.692124e+01 -7.734657e+00 -9.353662e+00 -1.575497e+01 -7.861629e+00 -7.138301e+00 -5.466961e+00 4.316328e-01 2.409853e-01 9.839414e-01 -1.252670e+00 2.854048e+00 2.871886e+00 -5.259618e-01 1.513411e+00 1.585111e+00 6.843141e-01 -4.682482e-01 1.561167e+00 -4.331919e-01 -1.476638e+00
<Variance> 25
 2.420910e+01 4.871800e+01 3.236121e+01 4.752345e+01 5.195074e+01 4.007835e+01 3.400513e+01 3.913315e+01 3.702299e+01 3.579427e+01 6.909778e+01 4.825525e+01 3.130126e+00 2.227819e+00 3.173559e+00 2.666417e+00 6.999447e+00 4.618356e+00 2.715462e+00 3.653772e+00 3.654817e+00 5.849568e+00 4.457882e+00 3.183726e+00 3.156506e+00
<GConst> 1.072067e+02
<TransP> 5
 0.000000e+00 1.000000e+00 0.000000e+00 0.000000e+00 0.000000e+00
 0.000000e+00 5.534326e-01 4.465674e-01 0.000000e+00 0.000000e+00
 0.000000e+00 0.000000e+00 7.751928e-01 2.248072e-01 0.000000e+00
 0.000000e+00 0.000000e+00 0.000000e+00 6.310446e-01 3.689554e-01
 0.000000e+00 0.000000e+00 0.000000e+00 0.000000e+00 0.000000e+00
<EndHMM>
~h "j"
<BeginHMM>
<NumStates> 5
<State> 2
<Mean> 25
 6.922569e+00 -8.160417e+00 2.995515e+00 3.860720e-01 -1.763454e+01 -1.191577e+01 -4.525491e+00 -6.762289e+00 -5.372400e+00 -4.603700e+00 -6.600527e-01 9.737597e-01 -3.627088e-01 2.436837e-01 5.758376e-01 -4.902198e-01 8.848897e-01 -1.816477e+00 -2.753987e+00 3.677238e-01 1.337280e+00 6.458465e-02 1.067036e+00 -1.379691e+00 2.675297e-01
<Variance> 25
 9.818884e+00 1.231831e+00 1.257752e+00 1.623207e+01 2.393614e+01 2.886917e+01 1.771155e+01 3.130185e+01 3.885889e+01 1.670214e+01 9.323229e-01 7.728217e+00 3.035779e-01 4.142222e-01 2.414962e+00 5.761063e+00 2.063910e+00 1.378916e+00 9.655515e-01 9.422888e-01 4.575398e-01 1.293117e+00 7.704192e-01 2.711812e+00 2.562690e+00
<GConst> 7.542613e+01
<State> 3
<Mean> 25
 6.971370e+00 -9.773117e+00 2.040704e+00 -6.973752e+00 -2.007847e+01 -1.236555e+01 -1.064273e+01 -2.012235e+00 -5.926359e-01 -4.759553e+00 -1.428908e+00 1.901323e+00 -2.028052e-01 1.771362e-01 -2.518792e+00 -3.091413e+00 1.432333e+00 -1.499863e-02 -4.574154e+00 -4.499033e-01 1.662502e+00 -8.976775e-02 -1.761850e+00 -6.306577e-01 9.679469e-01
<Variance> 25
 6.065677e-01 1.839322e+00 8.203945e-01 9.736201e+00 3.306649e+00 5.628181e+01 2.461002e+01 2.370055e+01 3.225964e+00 3.462220e+00 5.700674e-01 1.076337e+01 6.554239e-01 3.634039e-01 1.369873e+00 7.058969e-01 1.342029e-01 4.854444e-02 3.609520e-02 6.520835e-01 1.628746e+00 2.213116e-01 1.017896e-01 2.731658e+00 1.065989e+00
<GConst> 5.146897e+01
<State> 4
<Mean> 25
 6.048954e+00 -9.047647e+00 -1.630999e+00 -8.722385e+00 -1.554895e+01 -1.157460e+01 -1.568691e+01 -5.770831e+00 -8.695087e-01 -5.266161e+00 -4.688134e+00 1.708454e-02 -1.464208e-01 1.205545e+00 -3.080360e+00 -2.708441e+00 3.316988e+00 1.136627e+00 -3.808420e+00 -2.466866e+00 8.058853e-01 1.270321e+00 -1.593217e+00 4.656584e-02 1.429108e-01
<Variance> 25
 6.065677e-01 4.200316e+00 1.121862e+01 8.601078e-01 3.855570e+00 2.520199e+01 1.624919e+01 4.794347e+01 4.997309e-01 4.871021e-01 5.700674e-01 1.982023e+01 2.583715e-02 2.687117e-01 1.012359e+00 1.103935e+00 2.658166e+00 4.756129e-02 9.500119e-02 1.796472e+00 5.982435e+00 2.986061e-02 1.157310e+00 5.394417e-01 1.751081e+00
<GConst> 5.106696e+01
<TransP> 5
 0.000000e+00 1.000000e+00 0.000000e+00 0.000000e+00 0.000000e+00
 0.000000e+00 4.999999e-01 5.000001e-01 0.000000e+00 0.000000e+00
 0.000000e+00 0.000000e+00 0.000000e+00 1.000000e+00 0.000000e+00
 0.000000e+00 0.000000e+00 0.000000e+00 0.000000e+00 1.000000e+00
 0.000000e+00 0.000000e+00 0.000000e+00 0.000000e+00 0.000000e+00
<EndHMM>
~h "k"
<BeginHMM>
<NumStates> 5
<State> 2
<Mean> 25
 -4.631783e+00 2.486503e+00 4.431357e+00 6.188621e+00 8.575901e+00 5.094126e+00 6.396868e+00 3.999766e+00 4.142642e+00 4.247592e+00 4.406910e+00 1.276003e+00 -3.771054e-01 -2.488610e-01 6.028609e-02 -7.286792e-02 -1.002885e-01 6.122778e-02 3.651934e-01 3.628727e-01 2.758905e-01 3.015486e-01 5.800217e-01 4.424098e-01 -4.508122e-01
<Variance> 25
 3.315956e+00 5.668022e+00 6.958049e+00 8.450668e+00 9.853532e+00 1.452275e+01 1.562835e+01 2.066680e+01 1.749674e+01 1.777509e+01 1.628282e+01 1.569267e+01 1.256471e+00 1.501912e+00 1.636226e+00 1.765683e+00 2.568454e+00 3.117435e+00 2.823945e+00 2.924382e+00 2.982988e+00 3.145574e+00 2.852240e+00 2.116341e+00 2.901511e+00
<GConst> 8.596839e+01
<State> 3
<Mean> 25
 2.143473e-01 -9.088499e-03 -4.720150e+00 -7.805656e-02 5.098140e+00 1.244839e+00 5.297883e+00 2.766849e+00 1.342256e+00 1.971897e+00 2.258689e+00 2.026597e+00 2.306880e+00 7.507459e-02 -2.835848e+00 -2.434279e+00 -1.736538e+00 -1.083072e+00 -8.956391e-01 -9.614251e-01 -1.473568e+00 -1.268915e+00 -1.258846e+00 1.735400e-01 5.566391e+00
<Variance> 25
 3.255994e+01 2.826897e+01 7.482520e+01 7.667973e+01 3.889337e+01 5.082428e+01 3.097349e+01 2.354327e+01 3.097268e+01 2.516520e+01 2.502061e+01 1.543930e+01 1.819063e+00 3.875338e+00 6.689072e+00 5.852815e+00 4.104249e+00 4.874807e+00 3.722514e+00 2.991943e+00 3.347814e+00 2.755244e+00 2.490769e+00 1.868723e+00 7.565207e+00
<GConst> 1.050329e+02
<State> 4
<Mean> 25
 1.033101e+01 5.424438e+00 -1.085596e+01 -9.487064e+00 -4.130853e+00 6.609023e-01 -1.629957e+00 -4.677859e+00 -5.782544e+00 -5.302247e+00 -3.507352e+00 2.572622e+00 1.668685e+00 -2.656254e-01 -7.208051e-02 -2.716553e+00 -4.691936e+00 -3.166993e-01 -3.613742e+00 -2.340197e+00 -1.315595e+00 -2.480377e+00 -2.545410e+00 -2.872240e-01 1.826040e+00
<Variance> 25
 1.264213e+01 3.045589e+01 4.417461e+01 5.340672e+01 6.675186e+01 5.425841e+01 4.882494e+01 4.540038e+01 2.443729e+01 3.034472e+01 3.567139e+01 1.521860e+01 1.710004e+00 3.518064e+00 2.144775e+00 2.756917e+00 2.991612e+00 2.574304e+00 4.936263e+00 2.946542e+00 4.079126e+00 3.562490e+00 3.832842e+00 2.782395e+00 1.528185e+00
<GConst> 1.022280e+02
<TransP> 5
 0.000000e+00 1.000000e+00 0.000000e+00 0.000000e+00 0.000000e+00
 0.000000e+00 7.815349e-01 2.184652e-01 0.000000e+00 0.000000e+00
 0.000000e+00 0.000000e+00 7.789492e-01 2.210508e-01 0.000000e+00
 0.000000e+00 0.000000e+00 0.000000e+00 5.372546e-01 4.627454e-01
 0.000000e+00 0.000000e+00 0.000000e+00 0.000000e+00 0.000000e+00
<EndHMM>
~h "l"
<BeginHMM>
<NumStates> 5
<State> 2
<Mean> 25
 3.184977e+00 -2.848519e+00 1.095155e+00 -1.219639e+01 -1.219946e+01 -1.501906e+01 -1.063750e+01 -6.953594e+00 -9.486778e+00 -3.570327e+00 -5.441288e+00 1.077195e+00 1.600859e-01 2.027601e+00 1.392649e+00 -1.734323e-02 2.176530e+00 -1.819526e+00 -2.321653e+00 6.156250e-01 -6.647837e-01 -2.056888e+00 1.265284e+00 -1.969817e-01 -1.495902e+00
<Variance> 25
 3.230978e+01 3.484890e+01 8.894183e+01 2.833865e+01 3.852514e+01 5.826862e+01 4.455855e+01 2.882476e+01 5.715580e+01 2.830297e+01 4.401931e+01 3.820325e+01 6.702268e-01 1.747341e+00 3.560812e+00 1.879357e+00 2.925244e+00 3.745406e+00 3.809738e+00 2.265520e+00 3.840460e+00 5.161907e+00 2.816452e+00 3.255114e+00 5.352888e-01
<GConst> 1.016821e+02
<State> 3
<Mean> 25
 2.095056e+00 1.244144e-01 4.965352e+00 -1.301653e+01 -1.064417e+01 -1.357506e+01 -1.395921e+01 -6.954781e+00 -1.116206e+01 -7.352542e+00 -5.933282e+00 4.798197e-01 -4.356505e-01 1.079982e+00 3.308456e-01 -9.857081e-02 1.048391e+00 4.223532e-01 -1.130042e+00 -1.230128e-01 4.294279e-01 -1.665972e+00 -2.018279e-01 -2.044113e-01 -5.735330e-01
<Variance> 25
 2.864239e+01 2.707324e+01 8.895688e+01 2.589591e+01 3.382270e+01 4.156224e+01 3.813931e+01 2.425082e+01 4.334527e+01 3.040899e+01 3.429501e+01 3.846827e+01 1.101706e+00 1.513506e+00 2.704942e+00 2.453705e+00 1.784251e+00 3.553903e+00 2.461248e+00 1.760980e+00 2.310656e+00 2.321677e+00 2.458665e+00 1.788681e+00 6.082375e-01
<GConst> 9.717068e+01
<State> 4
<Mean> 25
 2.474881e+00 1.490359e+00 3.100102e+00 -1.107472e+01 -8.280890e+00 -1.097767e+01 -1.263106e+01 -6.805120e+00 -8.175016e+00 -8.145535e+00 -5.641898e+00 -1.110117e+00 -9.026853e-01 -1.745605e-01 -5.764563e-02 1.376796e+00 1.057237e-02 9.838194e-01 1.557559e+00 -7.877293e-01 1.250829e+00 7.397109e-01 4.575312e-01 -4.788552e-01 2.698752e-01
<Variance> 25
 3.609427e+01 3.638324e+01 9.184336e+01 4.660535e+01 5.010423e+01 4.926812e+01 7.188684e+01 3.769607e+01 4.394476e+01 3.428729e+01 3.744115e+01 4.003822e+01 4.853977e+00 1.881234e+00 3.379418e+00 4.847650e+00 4.625860e+00 2.889005e+00 1.950716e+00 3.743327e+00 2.768448e+00 3.129267e+00 3.147220e+00 2.510659e+00 1.286805e+00
<GConst> 1.059023e+02
<TransP> 5
 0.000000e+00 1.000000e+00 0.000000e+00 0.000000e+00 0.000000e+00
 0.000000e+00 3.307213e-01 6.692786e-01 0.000000e+00 0.000000e+00
 0.000000e+00 0.000000e+00 2.977804e-01 7.022195e-01 0.000000e+00
 0.000000e+00 0.000000e+00 0.000000e+00 2.453415e-01 7.546585e-01
 0.000000e+00 0.000000e+00 0.000000e+00 0.000000e+00 0.000000e+00
<EndHMM>
~h "m"
<BeginHMM>
<NumStates> 5
<State> 2
<Mean> 25
 4.847419e+00 3.618351e+00 -4.980156e+00 -6.375694e+00 -1.177849e+00 2.877132e+00 3.516329e+00 2.386566e+00 -8.077859e-01 -3.775616e-01 2.969650e+00 -1.560680e+00 -3.184571e+00 -3.650290e-01 1.902345e+00 3.150696e+00 2.854203e+00 5.828570e-01 9.257599e-01 -6.218109e-01 1.549657e+00 1.864966e+00 8.972368e-01 1.506968e+00 -2.609533e+00
<Variance> 25
 3.799872e+01 2.356849e+01 5.125879e+01 6.263130e+01 7.871152e+01 7.524674e+01 7.779089e+01 5.574966e+01 8.137764e+01 7.702703e+01 4.376361e+01 4.387262e+01 2.504554e+00 1.860583e+00 4.128089e+00 3.730858e+00 4.879705e+00 6.149545e+00 7.439106e+00 6.531037e+00 7.056998e+00 5.708263e+00 5.354898e+00 5.262005e+00 2.715246e+00
<GConst> 1.137749e+02
<State> 3
<Mean> 25
 -1.110861e+00 2.140159e+00 -4.939426e-01 -4.390484e-02 1.589483e+00 1.246209e+00 2.800494e+00 5.329162e+00 6.230610e+00 5.590737e+00 5.736488e+00 3.860951e-01 -1.897647e-01 -4.458891e-01 -2.775043e-01 3.616870e-01 9.443329e-02 3.127778e-01 -4.536089e-01 -2.006176e-02 4.605206e-01 -2.888140e-01 -4.709928e-01 2.971534e-01 4.067225e-01
<Variance> 25
 3.729885e+01 1.868670e+01 3.645062e+01 6.696951e+01 9.787622e+01 4.994559e+01 6.479801e+01 4.917228e+01 6.076921e+01 6.990858e+01 4.201467e+01 2.740668e+01 1.194515e+00 1.619275e+00 2.001956e+00 2.924643e+00 3.731636e+00 3.370816e+00 4.284916e+00 4.237434e+00 4.583636e+00 4.843140e+00 2.982132e+00 2.515188e+00 1.379569e+00
<GConst> 1.055531e+02
<State> 4
<Mean> 25
 1.966239e+00 -2.074418e+00 -4.264202e+00 5.445436e-01 1.861362e+00 2.436891e+00 -3.153154e+00 -1.463560e-01 4.100099e+00 -5.541187e-01 8.689470e-01 -8.873933e-01 2.442474e+00 -1.909411e+00 -1.978922e+00 -1.640889e+00 -1.751153e+00 -7.580608e-01 -2.797391e+00 -1.862365e+00 -8.148670e-01 -1.751997e+00 -1.902653e+00 -4.936658e-02 5.185747e+00
<Variance> 25
 4.636701e+01 5.440015e+01 4.288609e+01 5.086260e+01 7.410064e+01 4.916714e+01 8.071675e+01 6.629507e+01 4.538882e+01 5.312800e+01 3.287336e+01 2.823899e+01 4.015320e+00 8.087243e+00 3.634282e+00 4.080123e+00 4.884652e+00 4.267453e+00 6.212342e+00 4.293051e+00 5.384761e+00 5.099483e+00 4.592030e+00 3.380822e+00 1.089044e+01
<GConst> 1.138152e+02
<TransP> 5
 0.000000e+00 1.000000e+00 0.000000e+00 0.000000e+00 0.000000e+00
 0.000000e+00 6.186531e-01 3.813470e-01 0.000000e+00 0.000000e+00
 0.000000e+00 0.000000e+00 5.607365e-01 4.392634e-01 0.000000e+00
 0.000000e+00 0.000000e+00 0.000000e+00 4.756401e-01 5.243599e-01
 0.000000e+00 0.000000e+00 0.000000e+00 0.000000e+00 0.000000e+00
<EndHMM>
~h "n"
<BeginHMM>
<NumStates> 5
<State> 2
<Mean> 25
 1.112038e+01 -4.924747e+00 -1.055083e+01 -9.292462e+00 -6.237895e-01 -5.180055e+00 -1.671594e+01 -3.251563e+00 -3.634047e+00 -1.041101e+01 -8.752981e+00 -6.351004e+00 4.431591e-01 9.400440e-01 1.278355e-01 7.361166e-01 6.030397e-01 -8.760180e-03 1.646663e-01 -6.085448e-01 -9.830185e-01 2.521162e-01 5.179771e-01 -2.210386e-01 -1.016065e+00
<Variance> 25
 9.202511e+00 2.632229e+01 2.117781e+01 3.007205e+01 4.112822e+01 3.405505e+01 3.303002e+01 2.495070e+01 4.075769e+01 2.498662e+01 3.989044e+01 2.019533e+01 3.336032e-01 9.535000e-01 2.714127e+00 1.789738e+00 3.868995e+00 2.414541e+00 2.665327e+00 2.075118e+00 2.555622e+00 3.010793e+00 3.176474e+00 2.254188e+00 1.075863e+00
<GConst> 9.393207e+01
<State> 3
<Mean> 25
 1.209124e+01 1.484120e+00 -1.944171e+00 6.300814e-01 -8.698877e+00 -9.311443e+00 -1.412679e+01 -7.491124e+00 -7.941072e+00 -8.570830e+00 -8.050459e+00 -4.853580e+00 2.489250e-01 1.897111e+00 1.996767e+00 1.933016e+00 -8.384292e-01 2.439515e-01 4.449975e-01 -1.397538e+00 -3.829878e-01 -4.730355e-01 -1.316705e-01 -6.727659e-01 -2.362351e+00
<Variance> 25
 1.136543e+01 1.967332e+01 1.989488e+01 3.418513e+01 6.744621e+01 3.441109e+01 2.884122e+01 4.196177e+01 2.765443e+01 4.306926e+01 2.967720e+01 2.762618e+01 6.647580e-01 2.954553e+00 3.585175e+00 3.298583e+00 4.337328e+00 2.609728e+00 3.226233e+00 3.057889e+00 3.261633e+00 2.983291e+00 3.033359e+00 2.268172e+00 4.871139e+00
<GConst> 1.001671e+02
<State> 4
<Mean> 25
 1.000848e+01 1.689849e+00 -9.985251e-01 1.057788e+00 -9.971851e+00 -9.087062e+00 -1.437139e+01 -7.800112e+00 -8.250440e+00 -9.387764e+00 -7.958221e+00 -6.129365e+00 -7.139703e-01 -5.307376e-01 1.200092e-01 -1.399349e+00 1.063002e+00 1.096474e+00 8.879661e-01 3.298086e-01 2.695127e-01 4.795209e-01 4.727350e-01 1.356537e-01 6.353421e-01
<Variance> 25
 1.877881e+01 4.147290e+01 2.788028e+01 3.870908e+01 6.969601e+01 3.879267e+01 6.383420e+01 3.310303e+01 3.067908e+01 2.854953e+01 3.629838e+01 3.493947e+01 2.116794e+00 3.856344e+00 5.306015e+00 4.759556e+00 4.331869e+00 3.306371e+00 3.767387e+00 2.544251e+00 3.191700e+00 2.609436e+00 3.468448e+00 2.561148e+00 5.613919e+00
<GConst> 1.053474e+02
<TransP> 5
 0.000000e+00 1.000000e+00 0.000000e+00 0.000000e+00 0.000000e+00
 0.000000e+00 8.168626e-01 1.831374e-01 0.000000e+00 0.000000e+00
 0.000000e+00 0.000000e+00 6.108501e-01 3.891499e-01 0.000000e+00
 0.000000e+00 0.000000e+00 0.000000e+00 5.873922e-01 4.126078e-01
 0.000000e+00 0.000000e+00 0.000000e+00 0.000000e+00 0.000000e+00
<EndHMM>
~h "o"
<BeginHMM>
<NumStates> 5
<State> 2
<Mean> 25
 1.216208e+01 7.067398e-01 -1.357091e+01 -2.301415e+01 -1.557002e+01 4.763569e+00 -1.007686e+01 -4.961197e+00 -4.530311e+00 -1.331255e+01 -7.879552e+00 -1.710468e+00 1.094361e-01 -9.527842e-01 9.213962e-02 -3.831166e-01 -1.691083e-01 -7.779635e-01 -7.002879e-01 1.492752e+00 -7.171462e-02 -1.062773e+00 3.317126e-01 -1.111781e+00 1.528445e-01
<Variance> 25
 5.733510e+00 1.694055e+01 1.010441e+01 1.732545e+01 3.402636e+01 2.088203e+01 2.826485e+01 3.014436e+01 2.136856e+01 5.858340e+01 2.964725e+01 2.201245e+01 5.447724e-01 1.319382e+00 1.009189e+00 4.109651e+00 4.671226e+00 4.702645e+00 2.750636e+00 3.043371e+00 2.617224e+00 3.228130e+00 3.217490e+00 3.331259e+00 1.024044e+00
<GConst> 9.345144e+01
<State> 3
<Mean> 25
 1.074891e+01 -2.972822e+00 -6.906360e+00 -1.572641e+01 -1.225173e+01 -9.329634e+00 -1.358977e+01 9.630229e-01 -7.263738e+00 -1.132613e+01 -5.953846e+00 -1.139600e+01 -3.014722e-01 -3.274473e-01 8.981715e-01 5.261268e-01 2.346901e-02 -1.005717e+00 -4.240105e-01 1.209996e-01 2.095405e-01 1.442624e+00 4.992280e-01 -3.925210e-01 -6.496216e-01
<Variance> 25
 7.584795e+00 1.006042e+01 2.140419e+01 1.396703e+01 1.270199e+01 2.436609e+01 1.610598e+01 2.474279e+01 1.869077e+01 3.214037e+01 1.931585e+01 1.514498e+01 3.792590e-01 6.655996e-01 2.062573e+00 1.690221e+00 1.402212e+00 3.717889e+00 2.277467e+00 2.595488e+00 2.069055e+00 2.731853e+00 1.969434e+00 2.221892e+00 1.739513e-01
<GConst> 8.454085e+01
<State> 4
<Mean> 25
 1.259589e+01 1.144754e+00 -7.472678e+00 -1.414339e+01 -1.152131e+01 -3.923820e+00 -8.632617e+00 6.582312e+00 -1.157333e+00 -2.828575e+00 1.537583e+00 -9.243417e+00 2.271306e-01 1.233473e+00 -4.028701e-01 7.316422e-01 8.309127e-01 1.631129e+00 2.141757e+00 4.491164e-01 6.648710e-01 6.306134e-01 8.014692e-01 8.702828e-01 -2.304237e+00
<Variance> 25
 9.477387e+00 2.580084e+01 1.425597e+01 1.925845e+01 2.048840e+01 3.775726e+01 4.769437e+01 4.189695e+01 2.951810e+01 3.441636e+01 4.234247e+01 3.065686e+01 2.480279e+00 1.067353e+00 1.373789e+00 1.555125e+00 2.094856e+00 3.561927e+00 4.589938e+00 4.106738e+00 3.691954e+00 3.568768e+00 4.103889e+00 2.742992e+00 1.112253e+00
<GConst> 9.718931e+01
<TransP> 5
 0.000000e+00 1.000000e+00 0.000000e+00 0.000000e+00 0.000000e+00
 0.000000e+00 8.387538e-01 1.612462e-01 0.000000e+00 0.000000e+00
 0.000000e+00 0.000000e+00 8.519599e-01 1.480401e-01 0.000000e+00
 0.000000e+00 0.000000e+00 0.000000e+00 7.920086e-01 2.079913e-01
 0.000000e+00 0.000000e+00 0.000000e+00 0.000000e+00 0.000000e+00
<EndHMM>
~h "p"
<BeginHMM>
<NumStates> 5
<State> 2
<Mean> 25
 -2.812735e+00 4.742565e+00 6.434479e+00 7.525955e+00 8.606981e+00 4.099327e+00 6.081382e+00 3.682549e+00 3.991794e+00 3.811551e+00 4.214925e+00 7.490181e-01 -1.730525e-01 -1.184416e-01 -1.175959e-02 3.013848e-02 -1.577343e-02 -3.614181e-02 -1.788163e-02 2.965481e-02 8.003800e-02 9.206325e-02 1.217382e-01 7.366592e-02 -6.617603e-02
<Variance> 25
 7.619718e+00 1.304927e+01 1.291708e+01 1.118371e+01 1.070377e+01 1.415093e+01 1.468628e+01 1.551788e+01 1.480118e+01 1.575747e+01 1.335850e+01 1.311685e+01 4.857586e-01 5.597214e-01 6.229645e-01 8.163011e-01 8.508121e-01 1.154771e+00 1.374119e+00 1.435724e+00 1.752519e+00 1.740364e+00 1.556007e+00 1.470765e+00 1.779595e-01
<GConst> 7.548684e+01
<State> 3
<Mean> 25
 -2.442878e+00 2.618523e+00 4.558075e+00 6.387443e+00 6.955599e+00 4.255049e+00 7.248966e+00 4.998020e+00 5.616844e+00 4.987131e+00 5.189519e+00 1.773379e+00 2.158787e+00 1.619538e-01 -3.240186e-01 -2.627566e-01 -1.557312e+00 -8.155850e-01 -8.310233e-01 -1.286783e+00 1.983333e-02 -5.214342e-01 -3.653831e-01 -1.440668e-01 6.178745e+00
<Variance> 25
 1.321458e+01 1.129630e+01 8.728240e+00 1.031626e+01 1.577454e+01 1.670337e+01 1.309929e+01 1.955098e+01 1.650479e+01 1.457389e+01 1.519262e+01 1.393814e+01 2.935513e+00 2.282660e+00 3.170472e+00 2.464710e+00 3.823796e+00 3.009745e+00 2.507096e+00 2.774594e+00 2.523799e+00 2.433200e+00 2.621477e+00 1.554467e+00 1.063057e+01
<GConst> 9.133540e+01
<State> 4
<Mean> 25
 8.883551e+00 2.162086e+00 -3.800739e-01 7.688417e-01 -1.351027e+00 2.304813e+00 1.112994e+00 -2.028067e+00 2.802291e+00 8.368247e-01 2.170577e+00 1.464033e+00 2.964385e+00 -2.498410e+00 -3.752398e+00 -4.169370e+00 -3.854921e+00 -7.949572e-01 -3.067617e+00 -2.587136e+00 -2.301021e+00 -2.065922e+00 -2.469391e+00 -8.792800e-01 5.134472e+00
<Variance> 25
 4.052140e+01 4.778893e+01 7.991154e+01 7.554269e+01 6.644836e+01 3.550198e+01 4.825896e+01 2.858961e+01 2.030263e+01 2.793589e+01 2.892344e+01 1.967150e+01 4.128144e+00 8.777101e+00 7.266592e+00 5.323266e+00 5.167876e+00 2.902911e+00 3.122496e+00 3.254152e+00 2.429686e+00 3.465000e+00 4.802569e+00 3.719784e+00 1.773888e+01
<GConst> 1.100624e+02
<TransP> 5
 0.000000e+00 1.000000e+00 0.000000e+00 0.000000e+00 0.000000e+00
 0.000000e+00 9.356854e-01 6.431463e-02 0.000000e+00 0.000000e+00
 0.000000e+00 0.000000e+00 6.662822e-01 3.337178e-01 0.000000e+00
 0.000000e+00 0.000000e+00 0.000000e+00 6.032906e-01 3.967094e-01
 0.000000e+00 0.000000e+00 0.000000e+00 0.000000e+00 0.000000e+00
<EndHMM>
~h "r"
<BeginHMM>
<NumStates> 5
<State> 2
<Mean> 25
 6.195224e+00 -6.483134e+00 2.248953e+00 -4.977594e+00 -1.023200e+01 -9.611951e+00 -1.706900e+00 -2.647483e+00 -2.686706e+00 -3.978480e+00 -3.819600e+00 -9.062706e-01 8.469819e-02 -1.380645e+00 -2.556833e-01 -1.952690e+00 -2.694661e+00 -3.732059e-01 2.337984e-01 1.640251e+00 1.173541e+00 6.888660e-01 -3.675397e-01 5.028927e-01 2.194132e+00
<Variance> 25
 1.376356e+01 3.660311e+01 6.011841e+01 3.238141e+01 4.966491e+01 5.154026e+01 6.476892e+01 2.473405e+01 3.609538e+01 2.478463e+01 5.430798e+01 2.072339e+01 1.683010e+00 4.224408e+00 3.390455e+00 3.418668e+00 4.886792e+00 3.466009e+00 3.279691e+00 2.719416e+00 3.213205e+00 2.537572e+00 4.665820e+00 2.058938e+00 7.060435e+00
<GConst> 1.045368e+02
<State> 3
<Mean> 25
 6.946913e+00 -1.210292e+01 -2.144678e+00 -1.078183e+01 -1.703544e+01 -9.962092e+00 -2.806926e+00 7.490736e-01 -1.348369e+00 -5.205602e+00 -9.351604e+00 -1.058440e+00 3.672795e-01 -8.678420e-01 -1.543488e+00 -3.785653e-01 -1.909970e-01 7.067725e-01 -1.144402e-01 2.090089e-01 -4.421369e-02 -1.008318e+00 -1.104131e+00 3.271824e-01 3.455024e-01
<Variance> 25
 1.301605e+01 1.933693e+01 3.197466e+01 2.290375e+01 2.091406e+01 3.303066e+01 6.341606e+01 1.839132e+01 2.782424e+01 2.359895e+01 2.888807e+01 2.180535e+01 7.277484e-01 4.171844e+00 4.071829e+00 2.786194e+00 3.878200e+00 3.607618e+00 3.330768e+00 1.860940e+00 5.121911e+00 2.046618e+00 3.108615e+00 2.402482e+00 3.003951e+00
<GConst> 9.806586e+01
<State> 4
<Mean> 25
 8.956555e+00 -5.340997e+00 -1.923031e+00 -2.818481e+00 -1.003773e+01 -7.997667e+00 -3.666035e+00 -2.167346e+00 -2.564268e+00 -8.503908e+00 -1.018434e+01 -1.106416e+00 -4.436854e-01 1.790365e+00 1.199416e+00 2.191133e+00 2.284506e+00 6.091828e-01 -6.771390e-01 -9.814208e-01 -2.470571e-01 -1.024066e+00 7.760101e-01 -3.021482e-01 -2.468935e+00
<Variance> 25
 2.278963e+01 6.987417e+01 3.793873e+01 5.932713e+01 6.388543e+01 5.031051e+01 8.211985e+01 3.568291e+01 4.992295e+01 4.266896e+01 2.678502e+01 3.039725e+01 5.402098e+00 6.160646e+00 6.425016e+00 4.221989e+00 4.466532e+00 4.044506e+00 6.321894e+00 2.567074e+00 4.523438e+00 3.369663e+00 4.900415e+00 3.708788e+00 6.657930e+00
<GConst> 1.114694e+02
<TransP> 5
 0.000000e+00 1.000000e+00 0.000000e+00 0.000000e+00 0.000000e+00
 0.000000e+00 4.077992e-01 5.922008e-01 0.000000e+00 0.000000e+00
 0.000000e+00 0.000000e+00 5.906013e-01 4.093986e-01 0.000000e+00
 0.000000e+00 0.000000e+00 0.000000e+00 5.788746e-01 4.211253e-01
 0.000000e+00 0.000000e+00 0.000000e+00 0.000000e+00 0.000000e+00
<EndHMM>
~h "s"
<BeginHMM>
<NumStates> 5
<State> 2
<Mean> 25
 -8.367852e+00 9.000454e+00 2.286218e+00 8.948391e+00 -5.954277e-01 1.745356e+00 3.500710e+00 -3.777766e+00 2.021132e-01 5.342612e-01 2.130161e+00 -2.206031e+00 -3.320750e+00 -8.963515e-01 -7.727311e-01 1.899220e+00 4.798837e+00 2.970084e+00 3.074285e+00 4.430909e+00 2.843979e+00 2.037880e+00 1.963502e+00 7.959609e-01 3.950045e-01
<Variance> 25
 1.446264e+01 1.279879e+01 1.131126e+01 1.574233e+01 4.616471e+01 3.683754e+01 3.142869e+01 4.796644e+01 2.551541e+01 1.653055e+01 1.521603e+01 1.770656e+01 1.384667e+00 2.311247e+00 2.938791e+00 3.257824e+00 5.383410e+00 1.989429e+00 2.452260e+00 3.466815e+00 1.890156e+00 1.735641e+00 2.500451e+00 2.583068e+00 2.267994e-01
<GConst> 9.225124e+01
<State> 3
<Mean> 25
 -1.469000e+01 3.653213e+00 -2.871361e+00 6.680902e+00 4.137691e+00 4.852116e+00 6.799532e+00 3.183203e+00 5.709243e+00 4.120027e+00 4.691441e+00 1.621783e+00 -6.162243e-01 -5.124758e-01 -2.964072e-01 -6.316924e-01 3.611901e-01 -2.177157e-01 1.016186e-01 2.993700e-01 5.546797e-01 2.645420e-01 2.486257e-01 4.599897e-01 -8.239808e-01
<Variance> 25
 4.761168e+00 8.270759e+00 8.392662e+00 1.253992e+01 1.201757e+01 1.441722e+01 1.217694e+01 1.315061e+01 1.377378e+01 1.288862e+01 1.260186e+01 1.118605e+01 9.794089e-01 8.661187e-01 1.129619e+00 1.339807e+00 1.437121e+00 1.650030e+00 1.688848e+00 2.016578e+00 1.865030e+00 1.653859e+00 1.504654e+00 1.367663e+00 1.769188e+00
<GConst> 7.939217e+01
<State> 4
<Mean> 25
 -1.211323e+01 3.599736e+00 -1.706130e-01 5.840081e+00 7.065094e+00 3.928487e+00 7.714944e+00 4.015870e+00 7.779903e+00 4.979565e+00 5.752639e+00 3.516764e+00 2.161014e+00 -1.080172e-01 9.303433e-01 -1.922045e-01 -2.854493e-03 -3.540956e-01 -1.610189e-01 -7.748356e-02 -1.476229e-01 -4.260979e-02 4.421499e-02 2.957376e-01 -3.998699e+00
<Variance> 25
 2.876324e+01 1.323447e+01 1.549249e+01 2.328041e+01 2.228522e+01 2.276982e+01 1.982287e+01 1.944520e+01 1.888496e+01 1.803351e+01 1.814231e+01 1.374881e+01 3.004730e+00 1.755718e+00 2.265900e+00 2.643033e+00 5.521424e+00 2.962971e+00 3.432490e+00 2.858329e+00 2.814547e+00 2.185847e+00 2.460313e+00 1.699767e+00 8.916838e+00
<GConst> 9.527727e+01
<TransP> 5
 0.000000e+00 1.000000e+00 0.000000e+00 0.000000e+00 0.000000e+00
 0.000000e+00 6.188273e-01 3.811727e-01 0.000000e+00 0.000000e+00
 0.000000e+00 0.000000e+00 8.296185e-01 1.703815e-01 0.000000e+00
 0.000000e+00 0.000000e+00 0.000000e+00 6.623821e-01 3.376178e-01
 0.000000e+00 0.000000e+00 0.000000e+00 0.000000e+00 0.000000e+00
<EndHMM>
~h "t"
<BeginHMM>
<NumStates> 5
<State> 2
<Mean> 25
 -8.767453e+00 2.855857e+00 4.212550e+00 3.735626e+00 7.123077e+00 3.079880e+00 6.487645e+00 3.962201e+00 5.130338e+00 4.157755e+00 5.145694e+00 1.359933e+00 -2.824799e-01 -7.247785e-01 -3.473535e-01 -4.520003e-01 -2.805779e-01 -1.312580e-01 1.406095e-01 1.022358e-01 1.153157e-01 1.866012e-01 3.466374e-01 4.403735e-02 9.593619e-01
<Variance> 25
 3.688895e+01 1.351147e+01 1.418949e+01 2.233250e+01 1.516663e+01 2.198387e+01 1.786303e+01 1.783008e+01 1.954195e+01 2.397133e+01 1.652932e+01 1.531900e+01 3.435853e+00 2.014768e+00 1.696375e+00 2.293956e+00 3.454122e+00 2.248482e+00 2.302830e+00 2.597229e+00 2.616707e+00 2.452384e+00 2.443430e+00 1.910805e+00 1.420735e+01
<GConst> 9.435922e+01
<State> 3
<Mean> 25
 -6.332038e+00 -2.734107e-01 -6.500130e-01 1.711991e+00 2.322386e+00 1.280661e+00 5.553945e+00 1.757196e+00 4.854742e+00 3.349031e+00 4.919666e+00 2.412410e+00 3.816360e+00 -8.304693e-01 -2.131522e+00 -1.400852e+00 -3.874174e+00 -2.023990e+00 -1.816145e+00 -1.388828e+00 -2.221473e+00 -2.304577e+00 -2.128220e+00 6.127004e-02 6.903047e+00
<Variance> 25
 2.631748e+01 1.405598e+01 2.105478e+01 1.854869e+01 2.206652e+01 1.894830e+01 1.831108e+01 2.091850e+01 1.715821e+01 1.596652e+01 1.449582e+01 1.166277e+01 3.773286e+00 2.083120e+00 2.771374e+00 1.914156e+00 2.629292e+00 2.986425e+00 2.697207e+00 2.135448e+00 2.991876e+00 2.006487e+00 3.409315e+00 2.269961e+00 9.100508e+00
<GConst> 9.414388e+01
<State> 4
<Mean> 25
 6.152765e+00 -1.920301e+00 -6.460860e+00 -1.104395e+00 -8.902848e+00 -4.457375e+00 7.207059e-01 -1.208056e+00 -2.510803e+00 -4.709001e+00 -2.862877e+00 2.931295e+00 3.873213e+00 -3.023529e+00 -3.019289e+00 -7.001453e-01 -3.771516e+00 -1.737744e+00 -2.079181e+00 -1.029409e+00 -3.084646e+00 -2.661715e+00 -3.879150e+00 -3.628258e-01 3.855356e+00
<Variance> 25
 3.760315e+01 3.186650e+01 4.926414e+01 1.240626e+01 3.557701e+01 3.008007e+01 2.159672e+01 1.834240e+01 2.274493e+01 1.885780e+01 3.464457e+01 2.048216e+01 3.146066e+00 3.036729e+00 3.712821e+00 4.493536e+00 3.772809e+00 3.492026e+00 4.172979e+00 3.073652e+00 5.774475e+00 2.496378e+00 3.630263e+00 3.683109e+00 6.244021e+00
<GConst> 1.023284e+02
<TransP> 5
 0.000000e+00 1.000000e+00 0.000000e+00 0.000000e+00 0.000000e+00
 0.000000e+00 7.417040e-01 2.582960e-01 0.000000e+00 0.000000e+00
 0.000000e+00 0.000000e+00 5.388822e-01 4.611178e-01 0.000000e+00
 0.000000e+00 0.000000e+00 0.000000e+00 3.799096e-01 6.200904e-01
 0.000000e+00 0.000000e+00 0.000000e+00 0.000000e+00 0.000000e+00
<EndHMM>
~h "u"
<BeginHMM>
<NumStates> 5
<State> 2
<Mean> 25
 1.038105e+01 4.256982e+00 -8.593263e+00 -1.421718e+01 -9.750395e+00 -1.731278e+00 -1.321301e+01 -5.385243e+00 -1.460558e+00 -8.870821e-01 2.052480e+00 4.819534e+00 1.288924e+00 6.994951e-01 -1.990330e+00 -3.059561e+00 -2.376372e+00 1.446279e+00 -1.372284e+00 -1.105737e+00 -8.333534e-01 -7.846956e-01 -4.503714e-02 9.294029e-01 8.709077e-01
<Variance> 25
 3.125657e+01 4.770214e+01 2.341590e+01 5.417503e+01 4.463703e+01 3.391965e+01 5.880112e+01 7.397073e+01 5.310444e+01 4.723305e+01 4.798198e+01 5.115378e+01 4.893655e+00 2.616043e+00 3.076806e+00 6.252264e+00 5.432497e+00 6.254817e+00 1.048488e+01 6.501278e+00 6.485709e+00 7.581285e+00 6.197297e+00 5.568107e+00 1.239671e+01
<GConst> 1.149412e+02
<State> 3
<Mean> 25
 1.024654e+01 2.784877e+00 -1.136046e+01 -1.969890e+01 -1.124174e+01 1.923230e+00 -1.487256e+01 -7.587057e+00 -4.565210e+00 -4.374460e+00 -6.940560e-01 4.278401e+00 -4.997047e-01 -2.821851e-01 2.090481e-01 6.574568e-01 6.736687e-01 -1.661586e-01 9.338095e-01 2.283663e-01 2.979380e-01 5.286025e-01 1.920996e-01 -3.815427e-02 -1.037714e+00
<Variance> 25
 1.555059e+01 4.546968e+01 2.169054e+01 4.017523e+01 2.878609e+01 4.195440e+01 3.094197e+01 5.844329e+01 5.491828e+01 8.014748e+01 8.704875e+01 6.886311e+01 1.925739e+00 2.406002e+00 1.934734e+00 4.092470e+00 3.339595e+00 4.268870e+00 5.442364e+00 6.271952e+00 5.225113e+00 3.902906e+00 4.045691e+00 4.745129e+00 5.400037e+00
<GConst> 1.084094e+02
<State> 4
<Mean> 25
 2.448352e-01 2.108287e+00 -2.239116e+00 -2.041452e+00 2.407550e+00 2.434707e+00 8.857315e-01 1.669676e+00 4.229016e+00 2.684186e+00 2.287297e+00 1.488793e+00 -1.798048e+00 -4.052944e-01 1.386859e+00 2.717122e+00 1.927818e+00 5.692428e-01 2.052362e+00 1.044995e+00 2.979400e-01 -8.412007e-02 -4.179569e-01 -3.874799e-01 -2.167827e+00
<Variance> 25
 5.380472e+01 2.544310e+01 5.868633e+01 7.920004e+01 5.597850e+01 4.559265e+01 7.220243e+01 7.394341e+01 9.400526e+01 6.369700e+01 7.215958e+01 6.209878e+01 4.624535e+00 3.257782e+00 5.674576e+00 7.170352e+00 5.429818e+00 4.940100e+00 7.884367e+00 8.737507e+00 7.313590e+00 7.052039e+00 5.510272e+00 6.871607e+00 1.035297e+01
<GConst> 1.190000e+02
<TransP> 5
 0.000000e+00 1.000000e+00 0.000000e+00 0.000000e+00 0.000000e+00
 0.000000e+00 4.573139e-01 5.426862e-01 0.000000e+00 0.000000e+00
 0.000000e+00 0.000000e+00 7.706918e-01 2.293082e-01 0.000000e+00
 0.000000e+00 0.000000e+00 0.000000e+00 7.897283e-01 2.102717e-01
 0.000000e+00 0.000000e+00 0.000000e+00 0.000000e+00 0.000000e+00
<EndHMM>
~h "v"
<BeginHMM>
<NumStates> 5
<State> 2
<Mean> 25
 -8.729391e-02 3.860233e+00 -5.372556e-01 2.576742e+00 -4.758064e-01 -2.627391e+00 -2.192792e+00 -4.969128e+00 -2.320089e+00 -4.153616e+00 -3.160663e+00 -2.830329e+00 -2.198397e+00 4.446095e-01 1.233187e+00 1.273459e+00 9.525615e-01 1.809888e-01 4.002972e-01 2.653612e-01 1.052856e-01 -4.069012e-02 2.029255e-01 -1.061150e-01 -1.239136e-01
<Variance> 25
 2.709842e+01 1.251552e+01 1.520557e+01 1.521058e+01 2.328267e+01 1.930764e+01 1.839580e+01 3.354182e+01 1.638858e+01 1.733402e+01 2.016885e+01 1.638819e+01 3.944754e+00 2.559270e+00 3.154868e+00 3.060702e+00 2.497115e+00 2.743116e+00 1.637347e+00 2.029091e+00 1.846331e+00 1.940331e+00 2.164415e+00 1.502942e+00 2.534894e+00
<GConst> 9.229049e+01
<State> 3
<Mean> 25
 -4.667026e+00 3.940794e+00 3.490359e+00 6.285354e+00 6.833378e+00 4.698081e+00 6.454270e+00 4.138737e+00 3.792511e+00 4.102385e+00 3.522181e+00 1.022353e+00 5.784003e-03 6.230322e-04 -8.789078e-03 -2.503408e-02 -1.884876e-02 -8.521189e-03 -1.985142e-02 4.282300e-03 -1.877317e-02 1.041809e-02 -1.524422e-03 -1.059044e-02 6.551370e-03
<Variance> 25
 1.653038e+01 3.287790e+01 2.477788e+01 1.779582e+01 1.850511e+01 1.566129e+01 1.682988e+01 1.838025e+01 1.765340e+01 1.655080e+01 1.504873e+01 1.285029e+01 5.701821e-01 7.788152e-01 8.009496e-01 9.292192e-01 1.485904e+00 1.185910e+00 1.279723e+00 1.279529e+00 1.700011e+00 1.470948e+00 1.368589e+00 1.314752e+00 3.721687e-01
<GConst> 8.114763e+01
<State> 4
<Mean> 25
 5.152990e+00 2.403093e+00 -4.375604e+00 -2.421609e+00 -2.093879e+00 -1.864950e+00 -4.903229e+00 -6.860435e+00 -9.399404e-01 -1.530636e+00 -4.145473e+00 -4.556219e+00 3.181166e+00 -1.771558e+00 -2.308151e+00 -1.904282e+00 -1.151683e+00 5.180563e-01 -4.499374e-01 -1.050109e-01 7.702870e-01 8.115772e-01 -9.181784e-01 5.440112e-02 7.379350e-01
<Variance> 25
 7.001915e+01 1.842807e+01 3.429070e+01 3.649726e+01 1.254657e+01 3.144839e+01 2.077276e+01 2.322143e+01 2.761120e+01 1.967355e+01 1.681427e+01 1.727024e+01 3.112067e+00 2.786888e+00 2.726102e+00 3.768560e+00 2.838304e+00 4.220357e+00 2.177294e+00 2.213385e+00 2.992899e+00 1.953526e+00 2.173371e+00 1.221517e+00 5.196388e-01
<GConst> 9.500005e+01
<TransP> 5
 0.000000e+00 1.000000e+00 0.000000e+00 0.000000e+00 0.000000e+00
 0.000000e+00 7.682884e-01 2.317115e-01 0.000000e+00 0.000000e+00
 0.000000e+00 0.000000e+00 9.530490e-01 4.695105e-02 0.000000e+00
 0.000000e+00 0.000000e+00 0.000000e+00 7.388189e-01 2.611810e-01
 0.000000e+00 0.000000e+00 0.000000e+00 0.000000e+00 0.000000e+00
<EndHMM>
~h "w"
<BeginHMM>
<NumStates> 5
<State> 2
<Mean> 25
 1.614385e+01 8.298254e+00 -8.078353e+00 -1.386993e+01 -4.534829e+00 2.732267e+00 -7.453470e+00 -8.220301e+00 -6.142175e+00 -5.124033e+00 -3.808509e+00 1.938439e+00 -9.687654e-02 -1.537838e+00 -2.600808e-01 9.931470e-01 7.153761e-01 4.490197e-01 -2.005366e+00 -1.892020e+00 3.840804e-01 2.515236e+00 1.783241e-01 2.707198e-01 1.654098e+00
<Variance> 25
 7.977731e+00 2.047900e+01 1.181150e+01 7.282332e+01 3.576953e+01 1.419243e+01 1.900579e+01 2.357560e+01 1.361458e+01 1.704538e+01 1.984485e+01 3.239320e+01 4.283024e-01 4.505342e+00 1.626087e+00 4.819818e+00 1.943736e+00 4.355521e+00 4.609384e+00 1.855180e+00 2.140638e+00 2.122601e+00 3.602496e+00 3.798370e+00 6.259141e+00
<GConst> 9.501012e+01
<State> 3
<Mean> 25
 1.240863e+01 1.406746e+00 -6.525695e+00 -1.010676e+01 -2.501321e+00 4.566684e-01 -1.383520e+01 -1.301574e+01 -4.555128e+00 1.258064e+00 -7.895308e+00 -4.447195e+00 -1.128810e+00 -2.707194e+00 1.143787e+00 1.449814e+00 -7.624844e-01 -2.024796e+00 -1.847693e+00 8.339540e-02 1.659956e+00 1.304416e+00 -2.402735e+00 -1.466573e+00 1.866390e+00
<Variance> 25
 8.388369e+00 5.404299e+01 4.167155e+01 1.222941e+02 1.501682e+01 1.895909e+01 2.282230e+01 1.700944e+01 1.984492e+01 3.841613e+01 3.288811e+01 2.604377e+01 4.673037e-01 4.686302e+00 3.451597e+00 4.221228e+00 2.966776e+00 2.634475e+00 4.178653e+00 3.266094e+00 2.638429e+00 3.800269e+00 2.538112e+00 4.769667e+00 2.052738e+00
<GConst> 9.925278e+01
<State> 4
<Mean> 25
 1.201028e+01 -1.312852e+00 -3.044215e-01 -1.334370e+00 -6.055178e+00 -7.005756e+00 -1.400231e+01 -7.412959e+00 6.558207e-01 -1.987509e+00 -1.053015e+01 -4.376248e+00 -1.286061e+00 -1.380317e+00 2.680713e+00 1.844806e+00 -1.253881e+00 -1.762591e+00 2.378773e+00 1.573566e+00 -7.977628e-01 -1.347753e+00 -6.223466e-01 -3.267756e-02 -1.524901e-01
<Variance> 25
 1.171407e+01 5.766770e+01 6.332497e+01 9.754694e+01 3.768671e+01 2.015022e+01 5.117736e+01 3.102220e+01 3.672205e+01 1.715888e+01 4.092393e+01 3.095631e+01 9.340738e-01 2.446863e+00 2.011137e+00 9.160719e+00 6.589022e+00 4.011840e+00 7.691201e+00 3.786623e+00 4.869919e+00 3.127433e+00 4.622476e+00 2.288560e+00 3.525199e+00
<GConst> 1.055122e+02
<TransP> 5
 0.000000e+00 1.000000e+00 0.000000e+00 0.000000e+00 0.000000e+00
 0.000000e+00 5.333175e-01 4.666825e-01 0.000000e+00 0.000000e+00
 0.000000e+00 0.000000e+00 5.172158e-01 4.827842e-01 0.000000e+00
 0.000000e+00 0.000000e+00 0.000000e+00 5.607168e-01 4.392832e-01
 0.000000e+00 0.000000e+00 0.000000e+00 0.000000e+00 0.000000e+00
<EndHMM>
~h "x"
<BeginHMM>
<NumStates> 5
<State> 2
<Mean> 25
 5.301052e+00 -8.248334e+00 -3.179209e+00 1.086632e+00 -4.685006e+00 -5.513978e+00 -1.148454e+01 -6.111027e+00 -2.285181e+00 -6.121219e+00 -1.101399e+01 -4.313133e+00 -1.261643e+00 -7.977689e-02 3.010432e+00 1.757794e+00 5.173784e-01 -1.442189e-01 1.559743e+00 4.198089e-01 9.955131e-01 -1.458575e+00 3.485874e-01 -6.435109e-01 -9.283481e-01
<Variance> 25
 1.056276e+01 6.782157e+00 2.550549e+01 6.990165e+01 9.598206e+01 3.975122e+01 5.512368e+01 2.269114e+01 4.119949e+01 3.221983e+01 1.862822e+01 2.405718e+01 3.897756e+00 1.706532e+00 1.337368e+00 1.625055e+00 3.344734e+00 2.760854e+00 1.158019e+00 2.993189e+00 1.889563e+00 2.092108e+00 2.415744e+00 2.422964e+00 9.989063e-01
<GConst> 9.565652e+01
<State> 3
<Mean> 25
 -3.695233e+00 -1.309931e+01 7.356222e-01 8.470704e+00 6.220272e+00 -9.249277e-02 -3.096407e-01 -4.570048e+00 -1.136775e+00 -4.237813e+00 -8.291184e+00 -4.310677e+00 -1.258421e-02 1.113670e-01 -4.035305e-01 -5.287347e-01 -6.483874e-01 -9.865440e-03 -7.404944e-02 -2.259574e-01 -2.814755e-01 -9.613857e-04 -3.807354e-02 1.085442e-02 3.350103e-01
<Variance> 25
 3.265281e+01 1.905018e+01 7.463758e+00 1.406935e+01 2.803098e+01 1.976415e+01 2.404525e+01 2.451279e+01 3.438261e+01 3.062294e+01 2.196675e+01 3.532633e+01 4.178771e+00 1.753350e+00 1.174335e+00 1.177712e+00 1.926929e+00 1.840957e+00 3.212220e+00 2.760051e+00 3.682472e+00 2.939070e+00 3.746624e+00 2.415202e+00 2.685106e-01
<GConst> 9.237746e+01
<State> 4
<Mean> 25
 5.397818e+00 -1.240217e+01 -8.106635e+00 -1.346970e+00 -4.912734e+00 -5.307256e+00 -7.551266e+00 -9.601450e+00 -6.555418e+00 -7.530437e+00 -1.130364e+01 -4.304226e+00 6.714681e-01 -1.749805e+00 -2.351325e+00 -2.073223e+00 -4.896496e-01 -4.323528e-01 -5.124946e-01 -4.128597e-01 -9.770708e-01 -2.049807e-01 4.345007e-02 4.779716e-01 1.707222e+00
<Variance> 25
 6.306250e+00 3.195063e+01 4.569529e+01 3.704859e+01 8.694327e+01 3.294689e+01 2.282507e+01 4.586518e+01 4.329585e+01 2.192323e+01 3.366000e+01 3.355936e+01 2.756796e+00 3.527771e+00 1.974606e+00 1.139367e+00 2.838856e+00 2.494695e+00 1.863253e+00 1.894631e+00 3.400494e+00 2.277723e+00 2.739927e+00 2.281868e+00 8.421048e-01
<GConst> 9.749850e+01
<TransP> 5
 0.000000e+00 1.000000e+00 0.000000e+00 0.000000e+00 0.000000e+00
 0.000000e+00 6.721651e-01 3.278349e-01 0.000000e+00 0.000000e+00
 0.000000e+00 0.000000e+00 8.016687e-01 1.983313e-01 0.000000e+00
 0.000000e+00 0.000000e+00 0.000000e+00 7.482178e-01 2.517822e-01
 0.000000e+00 0.000000e+00 0.000000e+00 0.000000e+00 0.000000e+00
<EndHMM>
~h "y"
<BeginHMM>
<NumStates> 5
<State> 2
<Mean> 25
 -1.229102e+00 2.125772e+00 5.081342e+00 -9.290113e+00 -1.376882e+01 -1.071279e+01 -1.067373e+01 -9.255398e+00 -7.499990e+00 -6.634768e+00 -3.352556e+00 1.302219e+00 6.472284e-01 -9.637771e-01 -2.636848e-01 1.022479e-02 -2.729534e+00 -5.391559e-02 1.579441e+00 -2.085501e+00 1.349364e-01 1.873398e+00 -7.959393e-02 -5.690368e-02 8.319607e-01
<Variance> 25
 8.514337e+00 1.979945e+01 2.662971e+01 4.645410e+01 4.562609e+01 1.778109e+01 5.116573e+01 3.044135e+01 1.729943e+01 3.499545e+01 4.212418e+01 3.041377e+01 2.693491e+00 1.787099e+00 1.839389e+00 5.981269e+00 8.277338e+00 4.927915e+00 7.807239e+00 2.113470e+00 4.710791e+00 4.678426e+00 4.786659e+00 2.836594e+00 9.468689e-01
<GConst> 1.019337e+02
<State> 3
<Mean> 25
 -1.351578e+00 -1.556487e+00 3.869199e+00 -1.020802e+01 -1.872999e+01 -1.029118e+01 -5.114872e+00 -1.148713e+01 -7.623505e+00 -3.613457e-01 -2.636428e+00 1.041330e+00 1.772991e-01 -6.558904e-01 -2.602322e-01 5.933138e-01 -2.329032e+00 1.001665e+00 1.073745e+00 -1.574475e+00 -2.723613e-02 1.830243e+00 -2.850134e-01 1.076410e-01 2.748639e-01
<Variance> 25
 6.075937e+00 1.622258e+01 1.515547e+01 1.824283e+01 6.406252e+01 1.665294e+01 1.815812e+01 3.476000e+01 1.791374e+01 2.027803e+01 2.750134e+01 2.462232e+01 8.266565e-01 1.105956e+00 1.130750e+00 3.057469e+00 3.442101e+00 1.942228e+00 3.172284e+00 2.610613e+00 2.036764e+00 2.921353e+00 2.900786e+00 2.642541e+00 8.067459e-01
<GConst> 9.076296e+01
<State> 4
<Mean> 25
 4.071465e-01 -1.123013e+00 4.645861e+00 -8.606339e+00 -2.110802e+01 -9.006976e+00 -6.335202e+00 -1.318275e+01 -7.490205e+00 7.983172e-02 -3.413986e+00 2.968874e+00 8.584295e-01 5.929701e-01 -2.871580e-01 1.774517e+00 -8.455693e-01 8.273933e-01 -4.416191e-01 -8.678368e-01 2.481751e-02 -3.933274e-01 -4.364229e-01 1.347120e-01 -1.295859e+00
<Variance> 25
 9.514722e+00 1.661365e+01 2.126492e+01 2.788373e+01 4.954538e+01 2.047375e+01 2.088604e+01 4.171424e+01 3.063500e+01 2.715804e+01 3.810779e+01 4.184389e+01 1.188972e+00 1.115661e+00 1.496454e+00 2.095006e+00 1.293770e+01 3.006041e+00 2.599824e+00 3.872079e+00 2.261868e+00 4.574592e+00 3.124959e+00 2.936022e+00 3.516859e+00
<GConst> 9.839117e+01
<TransP> 5
 0.000000e+00 1.000000e+00 0.000000e+00 0.000000e+00 0.000000e+00
 0.000000e+00 1.222828e-01 8.777171e-01 0.000000e+00 0.000000e+00
 0.000000e+00 0.000000e+00 3.287830e-01 6.712170e-01 0.000000e+00
 0.000000e+00 0.000000e+00 0.000000e+00 3.306886e-01 6.693114e-01
 0.000000e+00 0.000000e+00 0.000000e+00 0.000000e+00 0.000000e+00
<EndHMM>
~h "z"
<BeginHMM>
<NumStates> 5
<State> 2
<Mean> 25
 -7.989049e-01 7.609807e+00 -6.142262e+00 -2.414445e+00 -2.749184e+00 -1.109073e+01 -9.974073e+00 -1.257201e+01 -6.423458e+00 -6.993768e+00 -8.860323e+00 -1.077076e+00 -2.193900e+00 2.003919e+00 1.448170e+00 1.623741e+00 1.595343e+00 1.877649e-01 1.109639e+00 5.220819e-01 -2.102468e-01 -5.205426e-01 1.060059e+00 -1.207317e+00 -2.864122e-01
<Variance> 25
 2.189962e+01 3.092521e+01 2.591882e+01 2.722549e+01 6.667444e+01 1.925270e+01 1.809019e+01 3.203860e+01 2.292440e+01 1.999716e+01 2.952152e+01 8.280909e+01 1.942372e+00 2.863047e+00 3.072059e+00 1.585354e+00 2.364171e+00 3.143606e+00 1.536232e+00 2.370192e+00 1.743905e+00 2.365223e+00 1.991861e+00 4.350894e+00 1.582054e+00
<GConst> 9.710555e+01
<State> 3
<Mean> 25
 -1.091087e+01 8.802814e+00 -9.863295e-01 4.715564e+00 2.354215e+00 -3.685405e+00 -1.326202e+00 -3.236920e+00 -2.185197e+00 -3.442471e+00 -1.433373e+00 -2.905409e+00 -3.736451e-01 -3.422672e-01 -6.856984e-02 4.518433e-01 4.280129e-01 3.608520e-01 9.203970e-01 1.355000e+00 9.178041e-01 1.011352e+00 1.160096e+00 1.028477e+00 1.323708e-01
<Variance> 25
 1.975124e+01 2.665138e+01 1.794565e+01 1.919805e+01 2.497729e+01 3.258047e+01 3.026613e+01 3.160654e+01 3.770189e+01 2.762761e+01 4.183383e+01 1.815893e+01 5.547222e+00 1.869006e+00 2.164898e+00 2.609202e+00 3.670560e+00 4.057299e+00 2.398234e+00 2.796113e+00 2.750412e+00 1.749475e+00 1.710989e+00 2.118201e+00 4.584342e-01
<GConst> 9.595432e+01
<State> 4
<Mean> 25
 -1.755591e+00 8.550298e+00 -3.524064e+00 -4.097969e-01 -2.212157e+00 -1.030887e+01 -8.300190e+00 -7.909144e+00 -4.826109e+00 -2.498933e+00 -2.953926e+00 4.806653e-01 3.159641e+00 -1.581608e+00 -1.114995e+00 -1.968079e+00 -2.789639e+00 -2.695666e-01 -2.390085e+00 -1.008639e+00 1.691728e-01 8.277373e-02 -7.467224e-01 9.967029e-01 5.182745e-01
<Variance> 25
 3.755489e+01 1.745721e+01 1.148520e+01 3.432636e+01 6.767271e+01 2.807652e+01 7.258759e+01 4.669174e+01 4.951500e+01 3.248154e+01 2.761134e+01 4.224456e+01 3.887794e+00 1.910171e+00 4.871712e+00 2.486792e+00 4.435128e+00 6.267142e+00 6.576719e+00 2.805567e+00 3.083802e+00 4.172225e+00 4.135878e+00 4.085203e+00 9.854186e-01
<GConst> 1.046386e+02
<TransP> 5
 0.000000e+00 1.000000e+00 0.000000e+00 0.000000e+00 0.000000e+00
 0.000000e+00 7.629696e-01 2.370304e-01 0.000000e+00 0.000000e+00
 0.000000e+00 0.000000e+00 6.219960e-01 3.780039e-01 0.000000e+00
 0.000000e+00 0.000000e+00 0.000000e+00 7.049818e-01 2.950182e-01
 0.000000e+00 0.000000e+00 0.000000e+00 0.000000e+00 0.000000e+00
<EndHMM>
~h "laugh"
<BeginHMM>
<NumStates> 5
<State> 2
<Mean> 25
 1.308898e-01 4.407695e+00 6.164397e+00 6.873693e+00 7.475672e+00 4.561427e+00 4.186729e+00 4.201140e+00 1.741775e+00 1.273039e+00 9.617083e-01 1.557271e+00 -1.619423e-02 1.043634e-02 -3.279839e-02 5.478944e-03 1.722939e-02 1.546016e-02 3.575483e-02 6.282187e-02 6.958365e-02 7.696594e-02 6.463683e-02 4.477917e-02 -2.016013e-01
<Variance> 25
 2.126154e+01 2.176566e+01 2.308778e+01 1.991090e+01 3.025919e+01 2.574180e+01 2.606204e+01 2.808623e+01 2.837764e+01 3.427613e+01 2.385568e+01 2.036270e+01 5.060064e-01 6.810029e-01 8.187946e-01 1.032827e+00 1.389741e+00 1.594536e+00 1.682364e+00 1.682619e+00 1.729305e+00 1.762614e+00 1.596402e+00 1.414849e+00 1.123005e+00
<GConst> 8.718272e+01
<State> 3
<Mean> 25
 1.086255e+00 -3.444057e+00 -3.643520e+00 -3.258229e-01 -8.367449e-01 -3.860886e+00 -1.409535e+00 -1.715146e+00 1.360691e+00 -8.020979e-01 -2.063041e+00 -1.300302e+00 2.222299e-04 -5.159181e-02 -3.214992e-02 -2.652035e-02 -1.614371e-02 -2.575523e-04 1.191752e-03 1.708912e-02 4.146176e-02 6.320528e-04 -1.589914e-02 -7.865106e-03 -2.520481e-02
<Variance> 25
 4.315716e+01 4.429416e+01 5.611147e+01 6.371170e+01 9.073957e+01 9.802730e+01 7.625025e+01 8.956502e+01 7.786357e+01 7.703717e+01 6.634733e+01 5.945661e+01 2.931134e+00 3.264597e+00 3.671888e+00 4.657755e+00 7.194716e+00 7.198976e+00 5.487810e+00 6.689366e+00 5.825801e+00 5.753626e+00 5.224271e+00 4.362719e+00 6.939075e+00
<GConst> 1.178098e+02
<State> 4
<Mean> 25
 -3.438959e+00 -4.581628e+00 -2.404894e+00 2.605282e+00 5.370144e+00 2.135802e+00 2.705307e+00 5.378086e+00 6.070327e+00 3.298659e+00 9.674025e-01 2.855415e+00 -8.214511e-02 1.378426e-02 -5.454756e-02 -6.563910e-02 -6.723020e-02 -2.995613e-02 8.164489e-03 -2.072649e-02 -2.503311e-02 7.587002e-02 8.176615e-02 6.651142e-02 -2.831582e-01
<Variance> 25
 2.533042e+01 3.098257e+01 3.000614e+01 3.095626e+01 4.019671e+01 4.613441e+01 3.844774e+01 4.234581e+01 4.203744e+01 4.513235e+01 3.812264e+01 3.876007e+01 7.933049e-01 1.215401e+00 1.219859e+00 1.472366e+00 1.921122e+00 2.026465e+00 2.090768e+00 2.203301e+00 2.328192e+00 2.387842e+00 2.301816e+00 2.050672e+00 1.685724e+00
<GConst> 9.643859e+01
<TransP> 5
 0.000000e+00 1.000000e+00 0.000000e+00 0.000000e+00 0.000000e+00
 0.000000e+00 9.357172e-01 6.428280e-02 0.000000e+00 0.000000e+00
 0.000000e+00 0.000000e+00 9.691849e-01 3.081512e-02 0.000000e+00
 0.000000e+00 0.000000e+00 0.000000e+00 9.494476e-01 5.055247e-02
 0.000000e+00 0.000000e+00 0.000000e+00 0.000000e+00 0.000000e+00
<EndHMM>
~h "a~"
<BeginHMM>
<NumStates> 5
<State> 2
<Mean> 25
 8.992691e+00 -1.165334e+01 -9.917789e+00 -4.519240e+00 -1.074437e+01 -8.519731e+00 -8.912176e+00 -2.644768e+00 -1.654915e+00 -8.407625e+00 -1.033116e+01 -5.355023e+00 1.204708e+00 -2.340763e+00 -2.146672e+00 -1.349243e+00 -1.332171e+00 1.394405e+00 -9.599378e-01 -6.466001e-01 -6.012488e-01 -3.435896e-01 -1.876683e+00 -2.077844e+00 1.163868e+00
<Variance> 25
 1.040551e+01 4.052254e+01 6.357465e+01 2.193190e+01 2.589612e+01 3.039394e+01 4.155865e+01 1.344082e+01 4.234782e+01 2.038769e+01 3.832035e+01 2.474553e+01 6.192142e+00 2.076855e+00 4.085689e+00 2.393356e+00 1.297479e+01 5.455758e+00 4.607775e+00 1.823771e+00 3.199796e+00 4.779528e+00 3.818379e+00 3.364760e+00 9.796796e-01
<GConst> 1.023232e+02
<State> 3
<Mean> 25
 1.110214e+01 -1.144347e+01 -1.136291e+01 -1.430343e+01 -1.310206e+00 6.888547e+00 -1.901849e+01 -5.664468e+00 -3.847884e+00 -1.371774e+01 -9.385034e+00 -4.869465e+00 5.018632e-01 7.293158e-01 -4.650848e-01 -8.653806e-01 3.474807e-01 7.111292e-01 4.337176e-02 5.268686e-01 -8.981182e-01 -1.340288e+00 1.508668e+00 1.840778e-01 -7.976813e-01
<Variance> 25
 5.394115e+00 2.390633e+01 1.546820e+01 3.022636e+01 2.106574e+01 2.737123e+01 6.574892e+01 2.467134e+01 1.353035e+01 3.680805e+01 4.150940e+01 1.565028e+01 4.428779e-01 5.813118e-01 5.491419e-01 6.958469e-01 4.452680e+00 4.982846e+00 3.307814e+00 5.945556e+00 1.288847e+00 1.535390e+00 2.718501e+00 2.184217e+00 2.639660e-01
<GConst> 8.828101e+01
<State> 4
<Mean> 25
 1.240842e+01 -1.356616e+00 -4.879072e+00 -4.197723e+00 -5.936164e+00 -5.039990e+00 -1.196064e+01 -4.677025e+00 -1.000954e+01 -9.351503e+00 -3.301428e+00 -9.149307e+00 -2.187857e-01 1.342623e+00 1.442702e+00 9.479753e-01 3.862895e-01 -4.492365e-01 9.259677e-02 -3.301029e-01 -4.766438e-02 7.340095e-01 2.303444e-01 -1.667020e-02 -1.765063e+00
<Variance> 25
 1.190865e+01 6.090480e+01 5.557405e+01 7.217427e+01 4.118341e+01 3.601562e+01 5.450828e+01 5.351511e+01 3.774745e+01 3.829824e+01 2.250159e+01 2.703942e+01 1.962851e+00 2.135242e+00 4.957953e+00 4.012856e+00 3.930066e+00 3.807971e+00 9.680677e+00 6.131175e+00 4.412792e+00 5.000305e+00 2.545151e+00 2.606080e+00 2.156157e+00
<GConst> 1.067649e+02
<TransP> 5
 0.000000e+00 1.000000e+00 0.000000e+00 0.000000e+00 0.000000e+00
 0.000000e+00 7.840548e-01 2.159452e-01 0.000000e+00 0.000000e+00
 0.000000e+00 0.000000e+00 7.891359e-01 2.108641e-01 0.000000e+00
 0.000000e+00 0.000000e+00 0.000000e+00 9.213447e-01 7.865526e-02
 0.000000e+00 0.000000e+00 0.000000e+00 0.000000e+00 0.000000e+00
<EndHMM>
~h "noise"
<BeginHMM>
<NumStates> 5
<State> 2
<Mean> 25
 -9.459826e-01 -2.106107e+00 -7.696422e-01 2.213093e+00 1.987303e+00 -8.873173e-02 2.135792e+00 1.548524e+00 1.299557e+00 1.166787e+00 1.021243e-01 9.193838e-01 -5.193358e-01 -6.657350e-01 -1.750853e-01 -9.066363e-03 1.038784e-01 2.546829e-01 2.749587e-01 2.303661e-01 3.651421e-01 1.876438e-01 1.655007e-01 3.517828e-01 4.557650e-01
<Variance> 25
 3.683869e+01 4.732921e+01 4.608090e+01 3.961518e+01 7.411605e+01 8.970763e+01 6.080256e+01 6.337820e+01 6.381385e+01 4.714000e+01 4.415673e+01 4.602086e+01 2.880463e+00 3.915057e+00 3.138692e+00 3.178994e+00 4.835471e+00 5.671469e+00 4.677477e+00 5.139376e+00 4.803153e+00 4.146191e+00 4.531175e+00 4.155718e+00 7.061514e+00
<GConst> 1.127009e+02
<State> 3
<Mean> 25
 -2.464801e+00 -3.789495e+00 -1.123502e+00 1.528411e+00 1.925994e+00 3.731516e-01 1.748940e+00 1.509659e+00 1.985242e+00 1.205879e+00 3.370457e-01 1.226982e+00 -4.049289e-01 -1.055849e-01 -2.593974e-02 -5.276787e-02 1.911342e-01 1.422939e-01 9.218860e-02 1.644569e-01 7.976720e-02 4.982996e-02 1.098620e-02 1.124151e-01 3.104505e-01
<Variance> 25
 4.376356e+01 5.222719e+01 4.347382e+01 3.853011e+01 6.358541e+01 6.689674e+01 5.291703e+01 5.676299e+01 5.887506e+01 4.266932e+01 4.302206e+01 4.406214e+01 2.176663e+00 2.726155e+00 2.194990e+00 2.303250e+00 3.560832e+00 3.793385e+00 3.282552e+00 3.493123e+00 3.664741e+00 3.146888e+00 3.219932e+00 2.644401e+00 4.799553e+00
<GConst> 1.074436e+02
<State> 4
<Mean> 25
 -5.169115e+00 -4.176164e+00 -1.051341e+00 1.139671e+00 3.286607e+00 8.617896e-01 2.502373e+00 3.017374e+00 2.802717e+00 2.041929e+00 6.029345e-01 2.821883e+00 5.971261e-02 1.620302e-01 6.550153e-02 2.966500e-02 1.913444e-02 7.564932e-03 2.178465e-03 9.194738e-04 -5.095679e-02 -1.960613e-02 2.415370e-02 -4.418403e-03 -2.048868e-01
<Variance> 25
 3.935088e+01 4.262901e+01 3.481022e+01 3.717387e+01 4.692780e+01 4.760869e+01 4.601715e+01 4.568017e+01 4.258675e+01 3.868652e+01 3.419016e+01 3.395502e+01 1.246170e+00 1.416421e+00 1.295684e+00 1.395072e+00 2.060024e+00 2.253119e+00 2.232484e+00 2.329475e+00 2.312136e+00 2.242325e+00 2.122434e+00 1.861947e+00 2.161083e+00
<GConst> 9.849828e+01
<TransP> 5
 0.000000e+00 1.000000e+00 0.000000e+00 0.000000e+00 0.000000e+00
 0.000000e+00 8.919984e-01 1.080016e-01 0.000000e+00 0.000000e+00
 0.000000e+00 0.000000e+00 8.379647e-01 1.620353e-01 0.000000e+00
 0.000000e+00 0.000000e+00 0.000000e+00 9.558552e-01 4.414478e-02
 0.000000e+00 0.000000e+00 0.000000e+00 0.000000e+00 0.000000e+00
<EndHMM>
~h "sp"
<BeginHMM>
<NumStates> 3
<State> 2
~s "silst"
<TransP> 3
 0.000000e+00 1.000000e+00 0.000000e+00
 0.000000e+00 9.000000e-01 9.999999e-02
 0.000000e+00 0.000000e+00 0.000000e+00
<EndHMM>
~h "u~"
<BeginHMM>
<NumStates> 5
<State> 2
<Mean> 25
 1.000915e+01 -4.302060e+00 2.691129e-01 1.489838e+00 -1.518870e+00 -1.096593e+01 -1.855068e+01 -1.173200e+01 -1.436322e+01 -1.076814e+01 -2.199242e+00 -1.003876e+01 2.790488e-01 1.127603e+00 -1.500760e+00 -1.991878e+00 -7.775439e-02 5.169207e-01 2.369605e+00 1.704858e+00 5.057788e-01 -1.124574e+00 1.065779e-01 1.152094e-01 5.728368e-01
<Variance> 25
 1.580259e+00 6.286766e+00 1.449863e+01 1.646551e+01 8.243050e+00 6.139839e+00 4.687582e+01 1.007254e+01 1.190258e+01 6.574706e+00 8.615324e+00 3.600542e+00 6.621989e-01 2.516305e-01 5.544132e+00 3.065839e+00 2.629956e+00 8.340309e-01 3.509421e+00 3.315049e+00 1.129357e+00 1.371921e+00 1.626062e+00 1.059188e+00 4.417471e-01
<GConst> 7.603938e+01
<State> 3
<Mean> 25
 1.455170e+01 3.044800e-01 -1.140340e+01 -1.005451e+01 -5.422867e+00 -8.149115e+00 -9.762622e+00 -5.284210e-01 -1.236990e+01 -1.592854e+01 -3.578638e+00 -1.201633e+01 6.398157e-01 4.805020e-01 -4.133218e-02 -1.304849e-01 -3.605864e-01 6.375415e-01 7.109694e-02 1.546748e-01 -3.031867e-01 4.406995e-01 -5.536690e-01 -6.499478e-04 -7.524182e-01
<Variance> 25
 1.525867e+00 8.050930e+00 3.380645e+00 4.805573e+00 4.825371e+00 8.717732e+00 7.171088e+00 1.194070e+01 4.105336e+00 8.433418e+00 1.189953e+01 2.310832e+00 5.647612e-01 2.916958e-01 3.841506e+00 2.390364e+00 5.437430e-01 9.880926e-01 2.218487e+00 3.759341e+00 5.112540e-01 3.277945e+00 9.534983e-01 3.982751e-01 1.979968e-01
<GConst> 6.613330e+01
<State> 4
<Mean> 25
 1.410025e+01 2.561784e+00 -4.041923e-01 -2.755520e+00 -8.693812e+00 -3.806507e+00 -1.454933e+01 -7.177348e+00 -1.179242e+01 -1.015601e+01 -6.197445e+00 -9.003771e+00 -3.267357e-01 9.711596e-01 2.219531e+00 1.561186e+00 -1.536569e+00 5.892876e-01 -1.259274e+00 -2.194958e+00 1.185435e-01 1.100237e-01 -1.458428e-01 6.355024e-01 -1.335792e+00
<Variance> 25
 2.072961e+00 3.996296e+00 1.480852e+01 9.391451e+00 1.646921e+01 5.984059e+00 1.964853e+01 1.434079e+01 4.779678e+00 6.274289e+00 1.295999e+00 2.670178e+00 3.391471e-01 1.848297e-01 2.375648e+00 4.817645e-01 6.036592e-01 1.300666e+00 2.157240e+00 8.883978e-01 1.570192e+00 1.203918e+00 9.708938e-01 1.858616e-01 6.355348e-02
<GConst> 6.181281e+01
<TransP> 5
 0.000000e+00 1.000000e+00 0.000000e+00 0.000000e+00 0.000000e+00
 0.000000e+00 8.058193e-01 1.941807e-01 0.000000e+00 0.000000e+00
 0.000000e+00 0.000000e+00 7.997611e-01 2.002389e-01 0.000000e+00
 0.000000e+00 0.000000e+00 0.000000e+00 7.665399e-01 2.334601e-01
 0.000000e+00 0.000000e+00 0.000000e+00 0.000000e+00 0.000000e+00
<EndHMM>
~h "sil"
<BeginHMM>
<NumStates> 5
<State> 2
<Mean> 25
 -1.726743e-01 7.051071e+00 8.652328e+00 9.053165e+00 9.947278e+00 5.296328e+00 6.723057e+00 4.669934e+00 3.207714e+00 3.029125e+00 3.509876e+00 3.429992e-01 -6.593101e-02 1.873231e-02 2.606413e-02 -1.127494e-02 -1.059062e-02 1.560217e-02 1.758444e-02 7.344743e-03 7.675871e-02 1.046988e-01 5.483229e-02 2.440313e-02 -6.484822e-02
<Variance> 25
 1.173830e+01 1.658409e+01 1.368503e+01 1.058641e+01 1.216458e+01 1.466020e+01 1.462208e+01 1.427967e+01 1.469560e+01 1.548706e+01 1.283322e+01 1.066768e+01 2.164183e-01 4.396932e-01 6.355649e-01 7.572769e-01 9.661337e-01 1.167897e+00 1.328831e+00 1.389675e+00 1.448401e+00 1.414138e+00 1.374132e+00 1.189352e+00 1.016392e-01
<GConst> 7.363847e+01
<State> 3
~s "silst"
<State> 4
<Mean> 25
 -1.478706e+00 2.144644e+00 3.656725e+00 -4.203706e+00 -1.013067e+01 3.749447e-01 1.925463e-01 -8.595276e-01 3.952862e+00 6.574645e+00 -4.563238e-01 1.426331e+00 1.271799e+00 -5.718852e-01 1.885948e-01 -3.283425e+00 -5.096237e+00 -1.799828e+00 -2.012807e+00 -1.814258e+00 -6.428112e-01 5.652581e-02 -1.910108e+00 -4.052779e-01 5.916039e+00
<Variance> 25
 2.840906e+01 1.192369e+01 1.278929e+01 6.919173e+01 1.667956e+02 3.985683e+01 5.772853e+01 4.057515e+01 2.847251e+01 2.237330e+01 3.652291e+01 2.047481e+01 2.865354e+00 2.389691e+00 1.499850e+00 5.287031e+00 9.731904e+00 3.968240e+00 4.694744e+00 3.388629e+00 3.192860e+00 2.950584e+00 3.198478e+00 2.514843e+00 1.276589e+01
<GConst> 1.054822e+02
<TransP> 5
 0.000000e+00 1.000000e+00 0.000000e+00 0.000000e+00 0.000000e+00
 0.000000e+00 9.797038e-01 2.029625e-02 0.000000e+00 0.000000e+00
 0.000000e+00 0.000000e+00 9.928279e-01 7.172071e-03 0.000000e+00
 0.000000e+00 0.000000e+00 0.000000e+00 8.228689e-01 1.771312e-01
 0.000000e+00 0.000000e+00 0.000000e+00 0.000000e+00 0.000000e+00
<EndHMM>
~h "dummy"
<BeginHMM>
<NumStates> 5
<State> 2
<Mean> 25
 -7.703542e+00 3.132159e+00 1.502653e+00 6.640213e+00 6.963457e+00 5.351191e+00 7.327697e+00 5.821496e+00 6.765314e+00 6.028803e+00 6.042658e+00 2.185407e+00 -2.856647e-01 -2.897113e-01 -3.130757e-01 -1.987200e-01 -9.182699e-03 -2.894188e-01 -1.885017e-01 2.244039e-02 8.971865e-02 5.097916e-01 3.730148e-01 2.603869e-01 -4.914432e-01
<Variance> 25
 1.883769e+01 9.411486e+00 2.864699e+01 6.937784e+00 1.591956e+01 1.176504e+01 1.088049e+01 1.126415e+01 1.299789e+01 1.326684e+01 9.103324e+00 9.449552e+00 4.372163e-01 5.629033e-01 4.492747e-01 5.156558e-01 8.511396e-01 1.093283e+00 1.176330e+00 1.503340e+00 1.871890e+00 2.365432e+00 1.542189e+00 1.313843e+00 7.226770e-01
<GConst> 7.556566e+01
<State> 3
<Mean> 25
 -1.500994e+00 4.881542e+00 1.971317e+00 7.101406e+00 4.246985e+00 4.234165e+00 4.849062e+00 4.236564e+00 5.200618e+00 2.868131e+00 4.004742e+00 1.579971e+00 9.289460e-01 -7.916626e-01 -9.641547e-01 -4.015368e-01 -9.193295e-01 -4.287639e-01 -1.720873e-01 -3.706742e-01 -5.862619e-01 -7.160119e-01 -8.638822e-01 -8.674754e-02 2.563323e+00
<Variance> 25
 2.422005e+01 2.971928e+01 2.760758e+01 1.557544e+01 4.549216e+01 2.188557e+01 1.957061e+01 2.347579e+01 2.628715e+01 2.657503e+01 2.470304e+01 1.292972e+01 3.169477e+00 2.817894e+00 4.862416e+00 1.704186e+00 6.205587e+00 3.706044e+00 1.760466e+00 2.469576e+00 3.498913e+00 3.035751e+00 4.601916e+00 1.292820e+00 2.517866e+01
<GConst> 1.002200e+02
<State> 4
<Mean> 25
 4.132290e+00 -3.684222e+00 -4.816481e+00 -2.928752e+00 -2.968503e+00 -4.503643e+00 -4.613425e+00 -3.100106e-01 -2.884791e+00 -2.844715e+00 -3.217282e+00 -6.272659e-01 -8.415658e-02 7.801817e-02 8.874166e-02 -1.218976e-02 1.122417e-01 8.810680e-02 -4.199342e-02 3.127224e-02 8.439187e-02 7.386814e-02 9.436307e-02 5.907408e-02 -3.783848e-01
<Variance> 25
 4.388571e+01 8.615529e+01 6.669007e+01 6.355143e+01 6.381643e+01 4.999039e+01 9.531739e+01 4.300819e+01 6.519626e+01 4.453940e+01 6.001109e+01 3.782541e+01 2.994109e+00 5.949385e+00 5.525598e+00 5.385338e+00 7.067636e+00 4.639454e+00 5.077923e+00 3.605265e+00 5.968951e+00 3.039081e+00 4.751461e+00 3.110356e+00 1.506343e+01
<GConst> 1.155983e+02
<TransP> 5
 0.000000e+00 1.000000e+00 0.000000e+00 0.000000e+00 0.000000e+00
 0.000000e+00 8.492816e-01 1.507184e-01 0.000000e+00 0.000000e+00
 0.000000e+00 0.000000e+00 8.845581e-01 1.154419e-01 0.000000e+00
 0.000000e+00 0.000000e+00 0.000000e+00 9.777845e-01 2.221552e-02
 0.000000e+00 0.000000e+00 0.000000e+00 0.000000e+00 0.000000e+00
<EndHMM>
