   1            "E"  131  437.074493 824.029297 514.441284
   2            "I"   71  220.689133 138.575562 144.267334
   3            "J"    8   25.892851  27.887087  58.555733
   4            "L"    8   21.661543   7.968220  19.920904
   5            "N"   63  169.767044 108.113052 114.999039
   6            "O"  151  404.292542 985.081177 651.324158
   7            "R"   68  333.074921 350.433929 206.695206
   8            "S"  160  489.197235 3433.456299 576.764893
   9            "U"  166  531.234985 490.394135 842.836487
  10            "Z"   56  230.451691 174.554306 207.856995
  11            "a" 1445  3776.270752 8232.466797 6454.402832
  12            "b"   82  333.434143 191.847397 153.569016
  13            "d"  265  524.586182 416.206482 467.096100
  14            "e"  495  1803.002930 674.079163 643.039795
  15            "f"  111  905.024658 194.445358 209.795044
  16            "g"  118  354.675964 333.101929 336.595856
  17            "i"  170  378.689423 752.246582 458.349426
  18            "j"    4    7.968651   3.984327   3.984327
  19            "k"  350  1593.603027 1574.960327 752.347717
  20            "l"  369  548.405273 522.678711 486.359314
  21            "m"  154  401.709961 348.743835 292.147034
  22            "n"  284  1542.317627 725.827026 684.560425
  23            "o"  166  1024.106812 1115.463989 793.943176
  24            "p"  130  2010.122559 387.393677 325.881470
  25            "r"  166  278.908569 403.445648 392.210571
  26            "s"  396  1033.320923 2311.714355 1166.622559
  27            "t"  463  1782.838013 998.657776 742.631897
  28            "u"  473  866.987366 2051.840332 2237.599365
  29            "v"   64  274.727570 1355.825317 243.729324
  30            "w"   38   80.972069  78.271248  86.022247
  31            "x"   39  118.293991 195.535736 154.025253
  32            "y"  298  337.691437 441.582520 442.838928
  33            "z"   44  184.789795 115.873596 148.467819
  34           "@@"    0    0.000000   0.000000   0.000000
  35           "a~"   22  101.365860 103.808426 278.296326
  36           "gb"    1   23.572716   2.419391  53.483391
  37           "sp"    0  34811.566406
  38           "u~"    4   20.464235  19.845087  17.021145
  39          "sil"  251  12301.171875 34811.566406 1409.504639
  40        "dummy"   17  112.183708 146.464432 761.096130
